#mdm (GeV)     E(GeV)    dN/dE (GeV^-1)
200.0 0.5 0.02146623634558093
200.0 1.5 0.5456305858987089
200.0 2.5 0.3210749751737835
200.0 3.5 0.1995004965243297
200.0 4.5 0.13473634558093345
200.0 5.5 0.09776415094339622
200.0 6.5 0.07496772591857001
200.0 7.5 0.05892005958291956
200.0 8.5 0.048231976166832176
200.0 9.5 0.03770362462760675
200.0 10.5 0.030774776564051635
200.0 11.5 0.024545729890764645
200.0 12.5 0.01918659384309831
200.0 13.5 0.015387239324726912
200.0 14.5 0.012587686196623633
200.0 15.5 0.010078053624627607
200.0 16.5 0.008698311817279047
200.0 17.5 0.006658639523336643
200.0 18.5 0.005328897715988083
200.0 19.5 0.004499086395233366
200.0 20.5 0.0036192651439920552
200.0 21.5 0.002809428997020854
200.0 22.5 0.002499493545183714
200.0 23.5 0.001879622641509434
200.0 24.5 0.001889617676266137
200.0 25.5 0.0014097169811320752
200.0 26.5 0.0011597666335650446
200.0 27.5 0.0008498311817279046
200.0 28.5 0.0006998609731876861
200.0 29.5 0.000629875868917577
200.0 30.5 0.0005398907646474677
200.0 31.5 0.0003499299900695134
200.0 32.5 0.0003599280039721946
200.0 33.5 0.0002799438927507448
200.0 34.5 0.00013997219463753724
200.0 35.5 0.000129974180734856
200.0 36.5 0.00014997020854021846
200.0 37.5 0.00017996425024826215
200.0 38.5 9.998013902681231e-05
200.0 39.5 7.998411122144984e-05
200.0 40.5 2.9993992055610724e-05
200.0 41.5 4.9990069513406154e-05
200.0 42.5 4.9990069513406154e-05
200.0 43.5 4.9990069513406154e-05
200.0 44.5 9.99801390268123e-06
200.0 45.5 9.99801390268123e-06
200.0 46.5 9.99801390268123e-06
200.0 47.5 1.999597815292949e-05
200.0 48.5 1.999597815292949e-05
200.0 49.5 0.0
200.0 50.5 0.0
200.0 51.5 9.99801390268123e-06
200.0 52.5 0.0
200.0 53.5 9.99801390268123e-06
200.0 54.5 0.0
200.0 55.5 0.0
300.0 0.5 0.008779471256210078
300.0 1.5 0.36182576295244856
300.0 2.5 0.2913289567068843
300.0 3.5 0.20308552164655783
300.0 4.5 0.14898740241305888
300.0 5.5 0.11203743789921929
300.0 6.5 0.08619517388218594
300.0 7.5 0.0685903122782115
300.0 8.5 0.055039212207239174
300.0 9.5 0.046598474095102906
300.0 10.5 0.038447480482611776
300.0 11.5 0.03448704755145493
300.0 12.5 0.02800762952448545
300.0 13.5 0.024127927608232787
300.0 14.5 0.020968239886444286
300.0 15.5 0.01796859474804826
300.0 16.5 0.01614875798438609
300.0 17.5 0.013778992193044712
300.0 18.5 0.012469127040454223
300.0 19.5 0.010709279630943931
300.0 20.5 0.009109439318665721
300.0 21.5 0.008409510290986515
300.0 22.5 0.007739531582682754
300.0 23.5 0.006219606103619588
300.0 24.5 0.005809634492547906
300.0 25.5 0.0059596167494677076
300.0 26.5 0.004419694819020582
300.0 27.5 0.004419694819020582
300.0 28.5 0.003869730305180979
300.0 29.5 0.003699733853797019
300.0 30.5 0.0032297728885734562
300.0 31.5 0.002849804826117814
300.0 32.5 0.0028597941802696947
300.0 33.5 0.002389833215046132
300.0 34.5 0.002209847409510291
300.0 35.5 0.0020098651525904897
300.0 36.5 0.0018498757984386088
300.0 37.5 0.001599886444286728
300.0 38.5 0.001569888218594748
300.0 39.5 0.0013199059616749468
300.0 40.5 0.001409898864442867
300.0 41.5 0.0010499254790631654
300.0 42.5 0.0009299343506032646
300.0 43.5 0.0008499396735273243
300.0 44.5 0.0007799449964513839
300.0 45.5 0.0006799520936834635
300.0 46.5 0.0008599396735273244
300.0 47.5 0.000599957416607523
300.0 48.5 0.0005699591909155429
300.0 49.5 0.0006699520936834635
300.0 50.5 0.00045996806245564227
300.0 51.5 0.0005299627395315826
300.0 52.5 0.0004499680624556423
300.0 53.5 0.0003799733853797019
300.0 54.5 0.00028997870830376154
300.0 55.5 0.0003799733853797019
300.0 56.5 0.0003499751596877218
300.0 57.5 0.0002999787083037615
300.0 58.5 0.0002799804826117814
300.0 59.5 0.00022998403122782114
300.0 60.5 0.00023998225691980126
300.0 61.5 0.0003499751596877218
300.0 62.5 0.000199985805535841
300.0 63.5 0.0001599886444286728
300.0 64.5 0.00016998793470546488
300.0 65.5 0.00013999006387508872
300.0 66.5 9.99929027679205e-05
300.0 67.5 0.00011999148332150461
300.0 68.5 9.99929027679205e-05
300.0 69.5 0.00010999219304471257
300.0 70.5 0.00012999077359829666
300.0 71.5 0.00013999006387508872
300.0 72.5 0.00011999148332150461
300.0 73.5 6.999503193754436e-05
300.0 74.5 7.99943222143364e-05
300.0 75.5 7.99943222143364e-05
300.0 76.5 3.99971611071682e-05
300.0 77.5 2.9997870830376154e-05
300.0 78.5 4.999645138396025e-05
300.0 79.5 1.99985805535841e-05
300.0 80.5 3.99971611071682e-05
300.0 81.5 2.9997870830376154e-05
300.0 82.5 4.999645138396025e-05
300.0 83.5 3.99971611071682e-05
300.0 84.5 2.9997870830376154e-05
300.0 85.5 0.0
300.0 86.5 3.99971611071682e-05
300.0 87.5 2.9997870830376154e-05
300.0 88.5 9.99929027679205e-06
300.0 89.5 9.99929027679205e-06
300.0 90.5 1.99985805535841e-05
300.0 91.5 1.99985805535841e-05
300.0 92.5 9.99929027679205e-06
300.0 93.5 0.0
300.0 94.5 9.99929027679205e-06
300.0 95.5 0.0
300.0 96.5 2.9997870830376154e-05
300.0 97.5 0.0
300.0 98.5 9.99929027679205e-06
300.0 99.5 0.0
300.0 100.5 1.99985805535841e-05
300.0 101.5 9.99929027679205e-06
300.0 102.5 9.99929027679205e-06
300.0 103.5 9.99929027679205e-06
300.0 104.5 0.0
300.0 105.5 1.99985805535841e-05
300.0 106.5 9.99929027679205e-06
300.0 107.5 0.0
300.0 108.5 0.0
300.0 109.5 9.99929027679205e-06
300.0 110.5 0.0
300.0 111.5 0.0
300.0 112.5 0.0
300.0 113.5 9.99929027679205e-06
300.0 114.5 0.0
300.0 115.5 9.99929027679205e-06
300.0 116.5 0.0
300.0 117.5 0.0
400.0 0.5 0.005031078033378439
400.0 1.5 0.25406495263870094
400.0 2.5 0.252743797925124
400.0 3.5 0.19776995940460082
400.0 4.5 0.14940595399188092
400.0 5.5 0.1174276048714479
400.0 6.5 0.09400857013982859
400.0 7.5 0.07551420838971584
400.0 8.5 0.06403879115922417
400.0 9.5 0.05385385656292287
400.0 10.5 0.04615065403698692
400.0 11.5 0.03912819124943618
400.0 12.5 0.033426973387460535
400.0 13.5 0.02965620207487596
400.0 14.5 0.026225484889490305
400.0 15.5 0.022974830852503382
400.0 16.5 0.02054429409111412
400.0 17.5 0.018773928732521424
400.0 18.5 0.016553495714930085
400.0 19.5 0.014863148398737033
400.0 20.5 0.013742895805142085
400.0 21.5 0.011862516914749661
400.0 22.5 0.010912313937753722
400.0 23.5 0.010542219215155616
400.0 24.5 0.00906193053676139
400.0 25.5 0.008441768155164637
400.0 26.5 0.007311547135769057
400.0 27.5 0.00707149300857014
400.0 28.5 0.006781461434370771
400.0 29.5 0.0062513306269733875
400.0 30.5 0.0055711772665764546
400.0 31.5 0.0053911592241768155
400.0 32.5 0.004450960757780785
400.0 33.5 0.004270920162381597
400.0 34.5 0.004230915651781687
400.0 35.5 0.003890843482183131
400.0 36.5 0.0036607938655841225
400.0 37.5 0.0030706720793865585
400.0 38.5 0.003110681100586378
400.0 39.5 0.0026605863779882726
400.0 40.5 0.002730599909788002
400.0 41.5 0.002170478123590438
400.0 42.5 0.0022004826341903475
400.0 43.5 0.0019204194857916103
400.0 44.5 0.002140469102390618
400.0 45.5 0.0019404239963915202
400.0 46.5 0.001580342805593144
400.0 47.5 0.0016003473161930537
400.0 48.5 0.001190257104194858
400.0 49.5 0.0012602706359945875
400.0 50.5 0.0013302886783942264
400.0 51.5 0.0011302435723951287
400.0 52.5 0.0010602300405953993
400.0 53.5 0.0010502255299954895
400.0 54.5 0.0009502074875958503
400.0 55.5 0.0009302029769959405
400.0 56.5 0.0009502074875958503
400.0 57.5 0.0009902119981957602
400.0 58.5 0.0008501849345963013
400.0 59.5 0.000690148849797023
400.0 60.5 0.0006301353179972937
400.0 61.5 0.0006701443391971132
400.0 62.5 0.0006601443391971132
400.0 63.5 0.0006501398285972034
400.0 64.5 0.0005801262967974741
400.0 65.5 0.0004901082543978349
400.0 66.5 0.00036007803337843934
400.0 67.5 0.00041008885881822283
400.0 68.5 0.0003200690121786198
400.0 69.5 0.0003200690121786198
400.0 70.5 0.00034007352277852954
400.0 71.5 0.00041008885881822283
400.0 72.5 0.0004300929183581417
400.0 73.5 0.00035007577807848444
400.0 74.5 0.00035007577807848444
400.0 75.5 0.00027005863779882726
400.0 76.5 0.00026005638249887236
400.0 77.5 0.00029006269733874605
400.0 78.5 0.00031006720793865585
400.0 79.5 0.00020004330175913397
400.0 80.5 0.00025005412719891746
400.0 81.5 0.00017003698691926027
400.0 82.5 0.00020004330175913397
400.0 83.5 0.00012002616147947677
400.0 84.5 0.00017003698691926027
400.0 85.5 0.00011002390617952188
400.0 86.5 0.00017003698691926027
400.0 87.5 0.00012002616147947677
400.0 88.5 0.00015003247631935047
400.0 89.5 0.00016003473161930537
400.0 90.5 0.0001300279657194407
400.0 91.5 0.00017003698691926027
400.0 92.5 0.00016003473161930537
400.0 93.5 0.00011002390617952188
400.0 94.5 0.0001300279657194407
400.0 95.5 7.001533603969328e-05
400.0 96.5 6.0013080739738384e-05
400.0 97.5 4.0008660351826796e-05
400.0 98.5 0.00010002165087956698
400.0 99.5 5.001082543978349e-05
400.0 100.5 0.00012002616147947677
400.0 101.5 4.0008660351826796e-05
400.0 102.5 0.00012002616147947677
400.0 103.5 9.00193955796121e-05
400.0 104.5 7.001533603969328e-05
400.0 105.5 3.0006495263870097e-05
400.0 106.5 5.001082543978349e-05
400.0 107.5 5.001082543978349e-05
400.0 108.5 5.001082543978349e-05
400.0 109.5 1.0002165087956699e-05
400.0 110.5 0.00010002165087956698
400.0 111.5 3.0006495263870097e-05
400.0 112.5 0.0
400.0 113.5 2.0004330175913398e-05
400.0 114.5 6.0013080739738384e-05
400.0 115.5 4.0008660351826796e-05
400.0 116.5 3.0006495263870097e-05
400.0 117.5 1.0002165087956699e-05
400.0 118.5 6.0013080739738384e-05
400.0 119.5 3.0006495263870097e-05
400.0 120.5 1.0002165087956699e-05
400.0 121.5 4.0008660351826796e-05
400.0 122.5 1.0002165087956699e-05
400.0 123.5 2.0004330175913398e-05
400.0 124.5 3.0006495263870097e-05
400.0 125.5 5.001082543978349e-05
400.0 126.5 2.0004330175913398e-05
400.0 127.5 0.0
400.0 128.5 4.0008660351826796e-05
400.0 129.5 1.0002165087956699e-05
400.0 130.5 1.0002165087956699e-05
400.0 131.5 0.0
400.0 132.5 1.0002165087956699e-05
400.0 133.5 1.0002165087956699e-05
400.0 134.5 1.0002165087956699e-05
400.0 135.5 1.0002165087956699e-05
400.0 136.5 0.0
400.0 137.5 2.0004330175913398e-05
400.0 138.5 2.0004330175913398e-05
400.0 139.5 3.0006495263870097e-05
400.0 140.5 1.0002165087956699e-05
400.0 141.5 1.0002165087956699e-05
400.0 142.5 1.0002165087956699e-05
400.0 143.5 3.0006495263870097e-05
400.0 144.5 0.0
400.0 145.5 2.0004330175913398e-05
400.0 146.5 1.0002165087956699e-05
400.0 147.5 1.0002165087956699e-05
400.0 148.5 0.0
400.0 149.5 3.0006495263870097e-05
400.0 150.5 1.0002165087956699e-05
400.0 151.5 1.0002165087956699e-05
400.0 152.5 0.0
400.0 153.5 0.0
400.0 154.5 1.0002165087956699e-05
400.0 155.5 2.0004330175913398e-05
400.0 156.5 0.0
400.0 157.5 1.0002165087956699e-05
400.0 158.5 0.0
400.0 159.5 1.0002165087956699e-05
400.0 160.5 1.0002165087956699e-05
400.0 161.5 0.0
400.0 162.5 0.0
400.0 163.5 0.0
400.0 164.5 0.0
400.0 165.5 0.0
400.0 166.5 0.0
400.0 167.5 1.0002165087956699e-05
400.0 168.5 0.0
400.0 169.5 0.0
400.0 170.5 0.0
400.0 171.5 0.0
400.0 172.5 1.0002165087956699e-05
400.0 173.5 1.0002165087956699e-05
400.0 174.5 0.0
400.0 175.5 0.0
400.0 176.5 0.0
400.0 177.5 0.0
400.0 178.5 0.0
400.0 179.5 1.0002165087956699e-05
400.0 180.5 0.0
400.0 181.5 0.0
400.0 182.5 0.0
400.0 183.5 0.0
400.0 184.5 0.0
400.0 185.5 0.0
400.0 186.5 0.0
400.0 187.5 0.0
400.0 188.5 1.0002165087956699e-05
400.0 189.5 0.0
400.0 190.5 0.0
400.0 191.5 0.0
400.0 192.5 0.0
400.0 193.5 1.0002165087956699e-05
400.0 194.5 0.0
400.0 195.5 0.0
400.0 196.5 0.0
400.0 197.5 0.0
400.0 198.5 0.0
400.0 199.5 1.0002165087956699e-05
400.0 200.5 0.0
500.0 0.5 0.0032814077669902917
500.0 1.5 0.18661844660194177
500.0 2.5 0.21297864077669906
500.0 3.5 0.18069805825242718
500.0 4.5 0.14760873786407766
500.0 5.5 0.11806796116504856
500.0 6.5 0.09697815533980583
500.0 7.5 0.08202233009708738
500.0 8.5 0.06850485436893204
500.0 9.5 0.0589895145631068
500.0 10.5 0.05184553398058253
500.0 11.5 0.04397126213592233
500.0 12.5 0.03881834951456311
500.0 13.5 0.03431582524271845
500.0 14.5 0.029523203883495146
500.0 15.5 0.027332038834951458
500.0 16.5 0.023870097087378642
500.0 17.5 0.021859126213592234
500.0 18.5 0.019498155339805825
500.0 19.5 0.018517766990291264
500.0 20.5 0.016776990291262135
500.0 21.5 0.01513631067961165
500.0 22.5 0.013275533980582524
500.0 23.5 0.012905436893203885
500.0 24.5 0.01171495145631068
500.0 25.5 0.010574466019417476
500.0 26.5 0.009954174757281555
500.0 27.5 0.008903747572815535
500.0 28.5 0.008533592233009708
500.0 29.5 0.008203456310679612
500.0 30.5 0.007573194174757282
500.0 31.5 0.006332679611650485
500.0 32.5 0.006282650485436894
500.0 33.5 0.005922504854368932
500.0 34.5 0.005262233009708738
500.0 35.5 0.004982116504854369
500.0 36.5 0.004752019417475729
500.0 37.5 0.004641970873786408
500.0 38.5 0.004541932038834952
500.0 39.5 0.0036515631067961163
500.0 40.5 0.003751601941747573
500.0 41.5 0.0038216310679611656
500.0 42.5 0.0035715242718446605
500.0 43.5 0.0031213398058252432
500.0 44.5 0.0029812815533980584
500.0 45.5 0.003181359223300971
500.0 46.5 0.002601116504854369
500.0 47.5 0.0024010291262135924
500.0 48.5 0.002331
500.0 49.5 0.0024410485436893205
500.0 50.5 0.0024410485436893205
500.0 51.5 0.002090893203883495
500.0 52.5 0.0019508349514563107
500.0 53.5 0.0019008155339805826
500.0 54.5 0.0018507864077669902
500.0 55.5 0.0015906796116504855
500.0 56.5 0.0014005922330097087
500.0 57.5 0.0016507087378640776
500.0 58.5 0.001500640776699029
500.0 59.5 0.0013205631067961167
500.0 60.5 0.0012205242718446602
500.0 61.5 0.0011905048543689322
500.0 62.5 0.0012205242718446602
500.0 63.5 0.0011404854368932038
500.0 64.5 0.0010604563106796116
500.0 65.5 0.0009704135922330098
500.0 66.5 0.0009103873786407767
500.0 67.5 0.0008103456310679612
500.0 68.5 0.000900383495145631
500.0 69.5 0.0008103456310679612
500.0 70.5 0.0008103456310679612
500.0 71.5 0.0007803320388349514
500.0 72.5 0.0007503194174757282
500.0 73.5 0.0005402300970873787
500.0 74.5 0.0007203067961165048
500.0 75.5 0.0005702427184466019
500.0 76.5 0.0005002135922330097
500.0 77.5 0.00046019611650485444
500.0 78.5 0.0005402300970873787
500.0 79.5 0.0004902087378640777
500.0 80.5 0.0004101747572815534
500.0 81.5 0.0003401456310679612
500.0 82.5 0.00046019611650485444
500.0 83.5 0.0003301407766990292
500.0 84.5 0.0004201796116504855
500.0 85.5 0.0003301407766990292
500.0 86.5 0.0003401456310679612
500.0 87.5 0.0004101747572815534
500.0 88.5 0.00026011067961165046
500.0 89.5 0.00028011941747572815
500.0 90.5 0.0003201368932038835
500.0 91.5 0.0002901242718446602
500.0 92.5 0.00024010291262135925
500.0 93.5 0.00030012815533980583
500.0 94.5 0.00023009805825242722
500.0 95.5 0.0002901242718446602
500.0 96.5 0.00021008932038834953
500.0 97.5 0.00022009417475728156
500.0 98.5 0.00024010291262135925
500.0 99.5 0.00026011067961165046
500.0 100.5 0.0001800766990291262
500.0 101.5 0.00021008932038834953
500.0 102.5 0.00014006019417475728
500.0 103.5 0.00015006407766990292
500.0 104.5 0.00019008155339805827
500.0 105.5 0.0001700728155339806
500.0 106.5 0.00016006796116504855
500.0 107.5 0.0001800766990291262
500.0 108.5 0.00015006407766990292
500.0 109.5 0.00013005533980582523
500.0 110.5 0.00015006407766990292
500.0 111.5 0.00015006407766990292
500.0 112.5 0.00016006796116504855
500.0 113.5 0.00011004660194174758
500.0 114.5 0.00011004660194174758
500.0 115.5 0.00011004660194174758
500.0 116.5 9.003844660194176e-05
500.0 117.5 0.00010004271844660195
500.0 118.5 5.0021359223300975e-05
500.0 119.5 0.00010004271844660195
500.0 120.5 9.003844660194176e-05
500.0 121.5 8.003417475728155e-05
500.0 122.5 4.0017087378640774e-05
500.0 123.5 9.003844660194176e-05
500.0 124.5 7.002990291262137e-05
500.0 125.5 6.002563106796117e-05
500.0 126.5 4.0017087378640774e-05
500.0 127.5 4.0017087378640774e-05
500.0 128.5 3.0012815533980584e-05
500.0 129.5 1.0004271844660194e-05
500.0 130.5 5.0021359223300975e-05
500.0 131.5 5.0021359223300975e-05
500.0 132.5 4.0017087378640774e-05
500.0 133.5 8.003417475728155e-05
500.0 134.5 4.0017087378640774e-05
500.0 135.5 3.0012815533980584e-05
500.0 136.5 4.0017087378640774e-05
500.0 137.5 3.0012815533980584e-05
500.0 138.5 9.003844660194176e-05
500.0 139.5 4.0017087378640774e-05
500.0 140.5 6.002563106796117e-05
500.0 141.5 2.0008543689320387e-05
500.0 142.5 3.0012815533980584e-05
500.0 143.5 3.0012815533980584e-05
500.0 144.5 4.0017087378640774e-05
500.0 145.5 4.0017087378640774e-05
500.0 146.5 4.0017087378640774e-05
500.0 147.5 6.002563106796117e-05
500.0 148.5 1.0004271844660194e-05
500.0 149.5 5.0021359223300975e-05
500.0 150.5 4.0017087378640774e-05
500.0 151.5 1.0004271844660194e-05
500.0 152.5 3.0012815533980584e-05
500.0 153.5 3.0012815533980584e-05
500.0 154.5 2.0008543689320387e-05
500.0 155.5 2.0008543689320387e-05
500.0 156.5 4.0017087378640774e-05
500.0 157.5 2.0008543689320387e-05
500.0 158.5 2.0008543689320387e-05
500.0 159.5 2.0008543689320387e-05
500.0 160.5 6.002563106796117e-05
500.0 161.5 1.0004271844660194e-05
500.0 162.5 1.0004271844660194e-05
500.0 163.5 0.0
500.0 164.5 0.0
500.0 165.5 1.0004271844660194e-05
500.0 166.5 2.0008543689320387e-05
500.0 167.5 4.0017087378640774e-05
500.0 168.5 1.0004271844660194e-05
500.0 169.5 1.0004271844660194e-05
500.0 170.5 2.0008543689320387e-05
500.0 171.5 0.0
500.0 172.5 0.0
500.0 173.5 3.0012815533980584e-05
500.0 174.5 0.0
500.0 175.5 3.0012815533980584e-05
500.0 176.5 0.0
500.0 177.5 1.0004271844660194e-05
500.0 178.5 1.0004271844660194e-05
500.0 179.5 0.0
500.0 180.5 0.0
500.0 181.5 1.0004271844660194e-05
500.0 182.5 2.0008543689320387e-05
500.0 183.5 1.0004271844660194e-05
500.0 184.5 0.0
500.0 185.5 0.0
500.0 186.5 1.0004271844660194e-05
500.0 187.5 0.0
500.0 188.5 1.0004271844660194e-05
500.0 189.5 2.0008543689320387e-05
500.0 190.5 0.0
500.0 191.5 0.0
500.0 192.5 1.0004271844660194e-05
500.0 193.5 0.0
500.0 194.5 0.0
500.0 195.5 0.0
500.0 196.5 0.0
500.0 197.5 0.0
500.0 198.5 0.0
500.0 199.5 0.0
500.0 200.5 0.0
500.0 201.5 0.0
500.0 202.5 0.0
500.0 203.5 0.0
500.0 204.5 0.0
500.0 205.5 0.0
500.0 206.5 1.0004271844660194e-05
500.0 207.5 0.0
500.0 208.5 1.0004271844660194e-05
500.0 209.5 1.0004271844660194e-05
500.0 210.5 0.0
500.0 211.5 0.0
500.0 212.5 0.0
500.0 213.5 0.0
500.0 214.5 0.0
500.0 215.5 0.0
500.0 216.5 0.0
500.0 217.5 1.0004271844660194e-05
500.0 218.5 1.0004271844660194e-05
500.0 219.5 0.0
500.0 220.5 0.0
500.0 221.5 0.0
500.0 222.5 0.0
500.0 223.5 0.0
500.0 224.5 0.0
500.0 225.5 0.0
500.0 226.5 0.0
500.0 227.5 0.0
500.0 228.5 0.0
500.0 229.5 0.0
500.0 230.5 0.0
500.0 231.5 0.0
500.0 232.5 0.0
500.0 233.5 0.0
500.0 234.5 0.0
500.0 235.5 0.0
500.0 236.5 0.0
500.0 237.5 0.0
500.0 238.5 0.0
500.0 239.5 0.0
500.0 240.5 0.0
500.0 241.5 0.0
500.0 242.5 0.0
500.0 243.5 0.0
500.0 244.5 0.0
500.0 245.5 0.0
500.0 246.5 0.0
500.0 247.5 1.0004271844660194e-05
500.0 248.5 0.0
500.0 249.5 1.0004271844660194e-05
500.0 250.5 0.0
600.0 0.5 0.0025101393472680604
600.0 1.5 0.14115144847818115
600.0 2.5 0.17961239457279063
600.0 3.5 0.1631934360102677
600.0 4.5 0.13684910157682437
600.0 5.5 0.11679812981298131
600.0 6.5 0.09894847818115145
600.0 7.5 0.08263201320132013
600.0 8.5 0.072001833516685
600.0 9.5 0.061541620828749546
600.0 10.5 0.05323138980564724
600.0 11.5 0.04671122112211221
600.0 12.5 0.04196112944627796
600.0 13.5 0.03702108544187752
600.0 14.5 0.03432104877154382
600.0 15.5 0.03033094976164283
600.0 16.5 0.02764081408140814
600.0 17.5 0.024000733406674
600.0 18.5 0.02225064173083975
600.0 19.5 0.019970663733039972
600.0 20.5 0.01921067106710671
600.0 21.5 0.0173505867253392
600.0 22.5 0.01568054638797213
600.0 23.5 0.015370535386872022
600.0 24.5 0.013450495049504952
600.0 25.5 0.01249046571323799
600.0 26.5 0.011800458379171251
600.0 27.5 0.011190429042904291
600.0 28.5 0.00959039237257059
600.0 29.5 0.00904039237257059
600.0 30.5 0.008290374037403741
600.0 31.5 0.008590374037403741
600.0 32.5 0.00788036303630363
600.0 33.5 0.007280344701136781
600.0 34.5 0.006940337367070041
600.0 35.5 0.0061803263659699305
600.0 36.5 0.006120315364869821
600.0 37.5 0.005510304363769711
600.0 38.5 0.0057603043637697105
600.0 39.5 0.005010286028602861
600.0 40.5 0.005350293362669601
600.0 41.5 0.00434024569123579
600.0 42.5 0.00452026035936927
600.0 43.5 0.00431023102310231
600.0 44.5 0.004120223689035571
600.0 45.5 0.004050220022002201
600.0 46.5 0.0033801796846351304
600.0 47.5 0.00334019068573524
600.0 48.5 0.00305016501650165
600.0 49.5 0.0029601576824349104
600.0 50.5 0.00292016868353502
600.0 51.5 0.0028501650165016503
600.0 52.5 0.0025801430143014303
600.0 53.5 0.00238012467913458
600.0 54.5 0.0025701503483681705
600.0 55.5 0.00244013568023469
600.0 56.5 0.0021501283461679505
600.0 57.5 0.0021601210121012103
600.0 58.5 0.00189009900990099
600.0 59.5 0.0020301063439677304
600.0 60.5 0.001470082508250825
600.0 61.5 0.00164009167583425
600.0 62.5 0.001630089842317565
600.0 63.5 0.0016100898423175652
600.0 64.5 0.001690093509350935
600.0 65.5 0.00139007700770077
600.0 66.5 0.0012700696736340303
600.0 67.5 0.0014500806747341402
600.0 68.5 0.0013200733406674
600.0 69.5 0.0010200568390172351
600.0 70.5 0.0011700641730839753
600.0 71.5 0.0010300568390172351
600.0 72.5 0.00119006600660066
600.0 73.5 0.0011400641730839752
600.0 74.5 0.0007900440044004401
600.0 75.5 0.0010300568390172351
600.0 76.5 0.0009000495049504951
600.0 77.5 0.0007700421708837551
600.0 78.5 0.0007900440044004401
600.0 79.5 0.000710038503850385
600.0 80.5 0.0008400458379171251
600.0 81.5 0.001010056839017235
600.0 82.5 0.000700038503850385
600.0 83.5 0.0006500366703337001
600.0 84.5 0.000690038503850385
600.0 85.5 0.00061003300330033
600.0 86.5 0.000490027502750275
600.0 87.5 0.00060003300330033
600.0 88.5 0.000690038503850385
600.0 89.5 0.0007200403373670701
600.0 90.5 0.00043002383571690505
600.0 91.5 0.000310016501650165
600.0 92.5 0.00041002200220022
600.0 93.5 0.00047002566923359004
600.0 94.5 0.00039002200220022005
600.0 95.5 0.0004400238357169051
600.0 96.5 0.00034001833516685004
600.0 97.5 0.00043002383571690505
600.0 98.5 0.00036002016868353503
600.0 99.5 0.00041002200220022
600.0 100.5 0.00034001833516685004
600.0 101.5 0.00036002016868353503
600.0 102.5 0.0004000220022002201
600.0 103.5 0.000420023835716905
600.0 104.5 0.00034001833516685004
600.0 105.5 0.00033001833516685
600.0 106.5 0.00041002200220022
600.0 107.5 0.000310016501650165
600.0 108.5 0.000240012834616795
600.0 109.5 0.00027001466813348
600.0 110.5 0.00025001466813348003
600.0 111.5 0.00019001100110011001
600.0 112.5 0.0001500082508250825
600.0 113.5 0.000220012834616795
600.0 114.5 0.00017000935093509353
600.0 115.5 0.00010000550055005502
600.0 116.5 0.00032001833516685004
600.0 117.5 0.00021001100110011
600.0 118.5 0.00016000880088008803
600.0 119.5 0.00021001100110011
600.0 120.5 0.00013000715071507152
600.0 121.5 0.00016000880088008803
600.0 122.5 0.00010000550055005502
600.0 123.5 0.00016000880088008803
600.0 124.5 0.0001500082508250825
600.0 125.5 0.00010000550055005502
600.0 126.5 0.00012000660066006601
600.0 127.5 0.00017000935093509353
600.0 128.5 9.000495049504952e-05
600.0 129.5 8.000440044004401e-05
600.0 130.5 0.00017000935093509353
600.0 131.5 8.000440044004401e-05
600.0 132.5 0.00016000880088008803
600.0 133.5 7.000385038503851e-05
600.0 134.5 0.00011000605060506051
600.0 135.5 6.000330033003301e-05
600.0 136.5 7.000385038503851e-05
600.0 137.5 9.000495049504952e-05
600.0 138.5 9.000495049504952e-05
600.0 139.5 9.000495049504952e-05
600.0 140.5 8.000440044004401e-05
600.0 141.5 0.00011000605060506051
600.0 142.5 0.00012000660066006601
600.0 143.5 7.000385038503851e-05
600.0 144.5 6.000330033003301e-05
600.0 145.5 6.000330033003301e-05
600.0 146.5 0.00010000550055005502
600.0 147.5 8.000440044004401e-05
600.0 148.5 8.000440044004401e-05
600.0 149.5 2.0001100110011003e-05
600.0 150.5 5.000275027502751e-05
600.0 151.5 6.000330033003301e-05
600.0 152.5 6.000330033003301e-05
600.0 153.5 5.000275027502751e-05
600.0 154.5 2.0001100110011003e-05
600.0 155.5 0.00012000660066006601
600.0 156.5 4.000220022002201e-05
600.0 157.5 5.000275027502751e-05
600.0 158.5 5.000275027502751e-05
600.0 159.5 5.000275027502751e-05
600.0 160.5 5.000275027502751e-05
600.0 161.5 3.0001650165016503e-05
600.0 162.5 6.000330033003301e-05
600.0 163.5 2.0001100110011003e-05
600.0 164.5 4.000220022002201e-05
600.0 165.5 3.0001650165016503e-05
600.0 166.5 7.000385038503851e-05
600.0 167.5 5.000275027502751e-05
600.0 168.5 5.000275027502751e-05
600.0 169.5 6.000330033003301e-05
600.0 170.5 2.0001100110011003e-05
600.0 171.5 2.0001100110011003e-05
600.0 172.5 3.0001650165016503e-05
600.0 173.5 4.000220022002201e-05
600.0 174.5 5.000275027502751e-05
600.0 175.5 2.0001100110011003e-05
600.0 176.5 2.0001100110011003e-05
600.0 177.5 1.0000550055005502e-05
600.0 178.5 2.0001100110011003e-05
600.0 179.5 5.000275027502751e-05
600.0 180.5 5.000275027502751e-05
600.0 181.5 3.0001650165016503e-05
600.0 182.5 3.0001650165016503e-05
600.0 183.5 3.0001650165016503e-05
600.0 184.5 2.0001100110011003e-05
600.0 185.5 1.0000550055005502e-05
600.0 186.5 2.0001100110011003e-05
600.0 187.5 1.0000550055005502e-05
600.0 188.5 3.0001650165016503e-05
600.0 189.5 2.0001100110011003e-05
600.0 190.5 3.0001650165016503e-05
600.0 191.5 2.0001100110011003e-05
600.0 192.5 2.0001100110011003e-05
600.0 193.5 5.000275027502751e-05
600.0 194.5 2.0001100110011003e-05
600.0 195.5 5.000275027502751e-05
600.0 196.5 2.0001100110011003e-05
600.0 197.5 3.0001650165016503e-05
600.0 198.5 5.000275027502751e-05
600.0 199.5 0.0
600.0 200.5 2.0001100110011003e-05
600.0 201.5 2.0001100110011003e-05
600.0 202.5 0.0
600.0 203.5 1.0000550055005502e-05
600.0 204.5 2.0001100110011003e-05
600.0 205.5 1.0000550055005502e-05
600.0 206.5 3.0001650165016503e-05
600.0 207.5 2.0001100110011003e-05
600.0 208.5 0.0
600.0 209.5 1.0000550055005502e-05
600.0 210.5 2.0001100110011003e-05
600.0 211.5 0.0
600.0 212.5 1.0000550055005502e-05
600.0 213.5 1.0000550055005502e-05
600.0 214.5 1.0000550055005502e-05
600.0 215.5 0.0
600.0 216.5 1.0000550055005502e-05
600.0 217.5 2.0001100110011003e-05
600.0 218.5 0.0
600.0 219.5 0.0
600.0 220.5 0.0
600.0 221.5 0.0
600.0 222.5 1.0000550055005502e-05
600.0 223.5 1.0000550055005502e-05
600.0 224.5 0.0
600.0 225.5 0.0
600.0 226.5 0.0
600.0 227.5 1.0000550055005502e-05
600.0 228.5 0.0
600.0 229.5 1.0000550055005502e-05
600.0 230.5 1.0000550055005502e-05
600.0 231.5 0.0
600.0 232.5 1.0000550055005502e-05
600.0 233.5 1.0000550055005502e-05
600.0 234.5 0.0
600.0 235.5 0.0
600.0 236.5 1.0000550055005502e-05
600.0 237.5 1.0000550055005502e-05
600.0 238.5 0.0
600.0 239.5 0.0
600.0 240.5 2.0001100110011003e-05
600.0 241.5 0.0
600.0 242.5 0.0
600.0 243.5 1.0000550055005502e-05
600.0 244.5 1.0000550055005502e-05
600.0 245.5 0.0
600.0 246.5 0.0
600.0 247.5 0.0
600.0 248.5 0.0
600.0 249.5 0.0
600.0 250.5 0.0
600.0 251.5 0.0
600.0 252.5 0.0
600.0 253.5 0.0
600.0 254.5 0.0
600.0 255.5 1.0000550055005502e-05
600.0 256.5 0.0
600.0 257.5 0.0
600.0 258.5 0.0
600.0 259.5 0.0
600.0 260.5 1.0000550055005502e-05
600.0 261.5 0.0
600.0 262.5 0.0
600.0 263.5 0.0
600.0 264.5 0.0
600.0 265.5 0.0
600.0 266.5 0.0
600.0 267.5 1.0000550055005502e-05
600.0 268.5 0.0
600.0 269.5 0.0
600.0 270.5 0.0
600.0 271.5 0.0
600.0 272.5 0.0
600.0 273.5 0.0
600.0 274.5 0.0
600.0 275.5 0.0
600.0 276.5 0.0
600.0 277.5 0.0
600.0 278.5 0.0
600.0 279.5 0.0
600.0 280.5 1.0000550055005502e-05
600.0 281.5 0.0
600.0 282.5 0.0
600.0 283.5 0.0
600.0 284.5 0.0
600.0 285.5 0.0
600.0 286.5 1.0000550055005502e-05
600.0 287.5 0.0
600.0 288.5 0.0
600.0 289.5 0.0
600.0 290.5 0.0
600.0 291.5 0.0
600.0 292.5 0.0
600.0 293.5 0.0
600.0 294.5 0.0
600.0 295.5 1.0000550055005502e-05
600.0 296.5 2.0001100110011003e-05
600.0 297.5 0.0
600.0 298.5 0.0
600.0 299.5 0.0
600.0 300.5 0.0
600.0 301.5 0.0
600.0 302.5 0.0
600.0 303.5 0.0
600.0 304.5 0.0
600.0 305.5 1.0000550055005502e-05
600.0 306.5 0.0
600.0 307.5 0.0
700.0 0.5 0.0017299968494013862
700.0 1.5 0.10955923125393824
700.0 2.5 0.15239666036546945
700.0 3.5 0.14470699432892248
700.0 4.5 0.1288134845620668
700.0 5.5 0.11259987397605545
700.0 6.5 0.09794643982356648
700.0 7.5 0.0834533711405167
700.0 8.5 0.07206206679269062
700.0 9.5 0.06390390674228104
700.0 10.5 0.05641556395715186
700.0 11.5 0.04943730308758664
700.0 12.5 0.04398834278512918
700.0 13.5 0.03935948330182734
700.0 14.5 0.03525992438563327
700.0 15.5 0.031890044108380596
700.0 16.5 0.029449936988027725
700.0 17.5 0.026929962192816636
700.0 18.5 0.02393994959042218
700.0 19.5 0.022809955891619407
700.0 20.5 0.019719974795211093
700.0 21.5 0.019549968494013862
700.0 22.5 0.018109955891619407
700.0 23.5 0.01545995589161941
700.0 24.5 0.01576997479521109
700.0 25.5 0.013909987397605544
700.0 26.5 0.013189981096408317
700.0 27.5 0.012939981096408317
700.0 28.5 0.012259987397605546
700.0 29.5 0.01091997479521109
700.0 30.5 0.010259987397605544
700.0 31.5 0.010089981096408318
700.0 32.5 0.00951997479521109
700.0 33.5 0.008
700.0 34.5 0.008649968494013862
700.0 35.5 0.007579993698802772
700.0 36.5 0.00711997479521109
700.0 37.5 0.0069
700.0 38.5 0.006129993698802773
700.0 39.5 0.005839981096408317
700.0 40.5 0.00551997479521109
700.0 41.5 0.005729993698802773
700.0 42.5 0.005229993698802772
700.0 43.5 0.004889981096408318
700.0 44.5 0.005039981096408317
700.0 45.5 0.004520006301197228
700.0 46.5 0.0043299936988027725
700.0 47.5 0.0041799936988027725
700.0 48.5 0.004059987397605545
700.0 49.5 0.003679993698802773
700.0 50.5 0.00345
700.0 51.5 0.0034899810964083176
700.0 52.5 0.0034
700.0 53.5 0.0033200063011972277
700.0 54.5 0.0034
700.0 55.5 0.0028999936988027726
700.0 56.5 0.0025899936988027727
700.0 57.5 0.002479993698802773
700.0 58.5 0.0028199936988027724
700.0 59.5 0.0021799968494013865
700.0 60.5 0.0020999968494013863
700.0 61.5 0.0023299968494013864
700.0 62.5 0.002059996849401386
700.0 63.5 0.0022699968494013863
700.0 64.5 0.0022799968494013863
700.0 65.5 0.0018199968494013862
700.0 66.5 0.0018799968494013863
700.0 67.5 0.0017999968494013861
700.0 68.5 0.0016499968494013862
700.0 69.5 0.0015699968494013864
700.0 70.5 0.0013699968494013863
700.0 71.5 0.0013999968494013862
700.0 72.5 0.0014799968494013864
700.0 73.5 0.0010399968494013863
700.0 74.5 0.001439996849401386
700.0 75.5 0.0013299968494013864
700.0 76.5 0.0014999968494013862
700.0 77.5 0.0011599968494013862
700.0 78.5 0.0011499968494013864
700.0 79.5 0.0010499968494013863
700.0 80.5 0.0009399968494013863
700.0 81.5 0.0009999968494013862
700.0 82.5 0.0010599968494013864
700.0 83.5 0.0010499968494013863
700.0 84.5 0.0009999968494013862
700.0 85.5 0.0009699968494013863
700.0 86.5 0.0010699968494013862
700.0 87.5 0.0008499968494013862
700.0 88.5 0.0009299968494013862
700.0 89.5 0.00059
700.0 90.5 0.0010399968494013863
700.0 91.5 0.0006799968494013863
700.0 92.5 0.00061
700.0 93.5 0.00061
700.0 94.5 0.00044
700.0 95.5 0.0006000000000000001
700.0 96.5 0.00058
700.0 97.5 0.0006000000000000001
700.0 98.5 0.00058
700.0 99.5 0.00049
700.0 100.5 0.00041999999999999996
700.0 101.5 0.00054
700.0 102.5 0.00047
700.0 103.5 0.00041999999999999996
700.0 104.5 0.00045
700.0 105.5 0.00057
700.0 106.5 0.00049
700.0 107.5 0.00047999999999999996
700.0 108.5 0.00035
700.0 109.5 0.00045
700.0 110.5 0.00036
700.0 111.5 0.00035
700.0 112.5 0.00036
700.0 113.5 0.00033000000000000005
700.0 114.5 0.0004
700.0 115.5 0.00035
700.0 116.5 0.00022999936988027725
700.0 117.5 0.00029999905482041585
700.0 118.5 0.00033000000000000005
700.0 119.5 0.00030999905482041593
700.0 120.5 0.00021999936988027725
700.0 121.5 0.00029999905482041585
700.0 122.5 0.00036
700.0 123.5 0.00027999905482041585
700.0 124.5 0.00021999936988027725
700.0 125.5 0.00022999936988027725
700.0 126.5 0.00029999905482041585
700.0 127.5 0.00011999968494013864
700.0 128.5 0.00018999936988027725
700.0 129.5 0.00021999936988027725
700.0 130.5 0.00023999905482041588
700.0 131.5 0.00016999936988027725
700.0 132.5 0.00016999936988027725
700.0 133.5 0.00017999936988027725
700.0 134.5 0.00018999936988027725
700.0 135.5 0.0002499990548204159
700.0 136.5 0.00014999936988027726
700.0 137.5 0.00023999905482041588
700.0 138.5 0.00017999936988027725
700.0 139.5 0.00012999968494013862
700.0 140.5 0.00016999936988027725
700.0 141.5 0.00013999968494013862
700.0 142.5 0.00013999968494013862
700.0 143.5 0.00010999968494013863
700.0 144.5 0.00014999936988027726
700.0 145.5 0.00017999936988027725
700.0 146.5 0.00011999968494013864
700.0 147.5 0.00012999968494013862
700.0 148.5 0.00011999968494013864
700.0 149.5 0.00015999936988027723
700.0 150.5 0.00012999968494013862
700.0 151.5 0.00010999968494013863
700.0 152.5 9.999968494013863e-05
700.0 153.5 5.999968494013863e-05
700.0 154.5 6.999968494013863e-05
700.0 155.5 9.999968494013863e-05
700.0 156.5 6.999968494013863e-05
700.0 157.5 0.00010999968494013863
700.0 158.5 7.999968494013861e-05
700.0 159.5 5.999968494013863e-05
700.0 160.5 7.999968494013861e-05
700.0 161.5 8.999968494013863e-05
700.0 162.5 5.999968494013863e-05
700.0 163.5 8.999968494013863e-05
700.0 164.5 0.00011999968494013864
700.0 165.5 5.999968494013863e-05
700.0 166.5 9.999968494013863e-05
700.0 167.5 4.9999684940138624e-05
700.0 168.5 5.999968494013863e-05
700.0 169.5 0.00011999968494013864
700.0 170.5 9.999968494013863e-05
700.0 171.5 9.999968494013863e-05
700.0 172.5 7.999968494013861e-05
700.0 173.5 5.999968494013863e-05
700.0 174.5 5.999968494013863e-05
700.0 175.5 5.999968494013863e-05
700.0 176.5 1.9999936988027724e-05
700.0 177.5 7.999968494013861e-05
700.0 178.5 2.999990548204159e-05
700.0 179.5 2.999990548204159e-05
700.0 180.5 4.9999684940138624e-05
700.0 181.5 8.999968494013863e-05
700.0 182.5 4.9999684940138624e-05
700.0 183.5 3.9999999999999996e-05
700.0 184.5 6.999968494013863e-05
700.0 185.5 2.999990548204159e-05
700.0 186.5 3.9999999999999996e-05
700.0 187.5 2.999990548204159e-05
700.0 188.5 2.999990548204159e-05
700.0 189.5 1.9999936988027724e-05
700.0 190.5 5.999968494013863e-05
700.0 191.5 4.9999684940138624e-05
700.0 192.5 1.9999936988027724e-05
700.0 193.5 3.9999999999999996e-05
700.0 194.5 0.0
700.0 195.5 2.999990548204159e-05
700.0 196.5 0.0
700.0 197.5 4.9999684940138624e-05
700.0 198.5 2.999990548204159e-05
700.0 199.5 4.9999684940138624e-05
700.0 200.5 9.999968494013862e-06
700.0 201.5 1.9999936988027724e-05
700.0 202.5 9.999968494013862e-06
700.0 203.5 2.999990548204159e-05
700.0 204.5 1.9999936988027724e-05
700.0 205.5 2.999990548204159e-05
700.0 206.5 9.999968494013862e-06
700.0 207.5 1.9999936988027724e-05
700.0 208.5 9.999968494013862e-06
700.0 209.5 9.999968494013862e-06
700.0 210.5 1.9999936988027724e-05
700.0 211.5 1.9999936988027724e-05
700.0 212.5 9.999968494013862e-06
700.0 213.5 1.9999936988027724e-05
700.0 214.5 3.9999999999999996e-05
700.0 215.5 9.999968494013862e-06
700.0 216.5 9.999968494013862e-06
700.0 217.5 9.999968494013862e-06
700.0 218.5 3.9999999999999996e-05
700.0 219.5 9.999968494013862e-06
700.0 220.5 2.999990548204159e-05
700.0 221.5 1.9999936988027724e-05
700.0 222.5 1.9999936988027724e-05
700.0 223.5 3.9999999999999996e-05
700.0 224.5 0.0
700.0 225.5 9.999968494013862e-06
700.0 226.5 0.0
700.0 227.5 9.999968494013862e-06
700.0 228.5 1.9999936988027724e-05
700.0 229.5 0.0
700.0 230.5 2.999990548204159e-05
700.0 231.5 2.999990548204159e-05
700.0 232.5 9.999968494013862e-06
700.0 233.5 0.0
700.0 234.5 0.0
700.0 235.5 9.999968494013862e-06
700.0 236.5 0.0
700.0 237.5 0.0
700.0 238.5 1.9999936988027724e-05
700.0 239.5 2.999990548204159e-05
700.0 240.5 0.0
700.0 241.5 1.9999936988027724e-05
700.0 242.5 1.9999936988027724e-05
700.0 243.5 0.0
700.0 244.5 0.0
700.0 245.5 9.999968494013862e-06
700.0 246.5 0.0
700.0 247.5 0.0
700.0 248.5 9.999968494013862e-06
700.0 249.5 9.999968494013862e-06
700.0 250.5 9.999968494013862e-06
700.0 251.5 9.999968494013862e-06
700.0 252.5 0.0
700.0 253.5 9.999968494013862e-06
700.0 254.5 1.9999936988027724e-05
700.0 255.5 9.999968494013862e-06
700.0 256.5 9.999968494013862e-06
700.0 257.5 0.0
700.0 258.5 2.999990548204159e-05
700.0 259.5 0.0
700.0 260.5 1.9999936988027724e-05
700.0 261.5 0.0
700.0 262.5 0.0
700.0 263.5 1.9999936988027724e-05
700.0 264.5 0.0
700.0 265.5 0.0
700.0 266.5 1.9999936988027724e-05
700.0 267.5 9.999968494013862e-06
700.0 268.5 0.0
700.0 269.5 0.0
700.0 270.5 0.0
700.0 271.5 0.0
700.0 272.5 0.0
700.0 273.5 0.0
700.0 274.5 0.0
700.0 275.5 0.0
700.0 276.5 1.9999936988027724e-05
700.0 277.5 9.999968494013862e-06
700.0 278.5 9.999968494013862e-06
700.0 279.5 0.0
700.0 280.5 0.0
700.0 281.5 1.9999936988027724e-05
700.0 282.5 0.0
700.0 283.5 0.0
700.0 284.5 0.0
700.0 285.5 0.0
700.0 286.5 0.0
700.0 287.5 0.0
700.0 288.5 0.0
700.0 289.5 0.0
700.0 290.5 9.999968494013862e-06
700.0 291.5 0.0
700.0 292.5 9.999968494013862e-06
700.0 293.5 0.0
700.0 294.5 9.999968494013862e-06
700.0 295.5 0.0
700.0 296.5 0.0
700.0 297.5 0.0
700.0 298.5 0.0
700.0 299.5 0.0
700.0 300.5 0.0
700.0 301.5 0.0
700.0 302.5 0.0
700.0 303.5 0.0
700.0 304.5 0.0
700.0 305.5 0.0
700.0 306.5 0.0
700.0 307.5 9.999968494013862e-06
700.0 308.5 0.0
700.0 309.5 9.999968494013862e-06
700.0 310.5 0.0
700.0 311.5 0.0
700.0 312.5 9.999968494013862e-06
700.0 313.5 0.0
700.0 314.5 0.0
700.0 315.5 0.0
700.0 316.5 0.0
700.0 317.5 0.0
700.0 318.5 0.0
700.0 319.5 0.0
700.0 320.5 0.0
700.0 321.5 0.0
700.0 322.5 0.0
700.0 323.5 0.0
700.0 324.5 0.0
700.0 325.5 9.999968494013862e-06
700.0 326.5 0.0
700.0 327.5 0.0
700.0 328.5 0.0
700.0 329.5 0.0
700.0 330.5 0.0
700.0 331.5 0.0
700.0 332.5 0.0
700.0 333.5 0.0
700.0 334.5 0.0
700.0 335.5 0.0
700.0 336.5 0.0
700.0 337.5 0.0
700.0 338.5 9.999968494013862e-06
700.0 339.5 0.0
700.0 340.5 0.0
700.0 341.5 0.0
700.0 342.5 0.0
700.0 343.5 0.0
700.0 344.5 0.0
700.0 345.5 0.0
700.0 346.5 0.0
700.0 347.5 0.0
700.0 348.5 0.0
700.0 349.5 0.0
700.0 350.5 0.0
700.0 351.5 0.0
700.0 352.5 0.0
700.0 353.5 9.999968494013862e-06
700.0 354.5 0.0
800.0 0.5 0.0013102113739305483
800.0 1.5 0.08727679919476597
800.0 2.5 0.12685052843482636
800.0 3.5 0.13205988928032208
800.0 4.5 0.12209109209864115
800.0 5.5 0.10773376950176144
800.0 6.5 0.0933059889280322
800.0 7.5 0.08289783593356818
800.0 8.5 0.073379466532461
800.0 9.5 0.0641907398087569
800.0 10.5 0.05665072974333165
800.0 11.5 0.05175993960744841
800.0 12.5 0.04659879214896829
800.0 13.5 0.04193789632611977
800.0 14.5 0.039587418218419726
800.0 15.5 0.03479647710115752
800.0 16.5 0.03158585807750377
800.0 17.5 0.028795319577252135
800.0 18.5 0.02633482637141419
800.0 19.5 0.024274433819828887
800.0 20.5 0.022734121791645696
800.0 21.5 0.02047367891293407
800.0 22.5 0.019773527931555106
800.0 23.5 0.017353095118268744
800.0 24.5 0.016192853548062405
800.0 25.5 0.015912783090085553
800.0 26.5 0.014862606945143431
800.0 27.5 0.013552340211373928
800.0 28.5 0.012782184197282335
800.0 29.5 0.011531957725213888
800.0 30.5 0.011691947659788626
800.0 31.5 0.011331907398087567
800.0 32.5 0.010461751383995972
800.0 33.5 0.01024167086059386
800.0 34.5 0.008861399094111724
800.0 35.5 0.008601358832410668
800.0 36.5 0.008091243080020129
800.0 37.5 0.007521137393054855
800.0 38.5 0.007271112229491695
800.0 39.5 0.00668102667337695
800.0 40.5 0.006861046804227478
800.0 41.5 0.006380976346250629
800.0 42.5 0.006040915953699043
800.0 43.5 0.005790890790135882
800.0 44.5 0.005390840463009561
800.0 45.5 0.005560845495722194
800.0 46.5 0.005160795168595873
800.0 47.5 0.004910759939607447
800.0 48.5 0.004890754906894816
800.0 49.5 0.00476073980875692
800.0 50.5 0.00431066935078007
800.0 51.5 0.004030629089079013
800.0 52.5 0.0038806039255158526
800.0 53.5 0.003840598892803221
800.0 54.5 0.00368057372924006
800.0 55.5 0.0031504932058379464
800.0 56.5 0.003300518369401107
800.0 57.5 0.0031905032712632106
800.0 58.5 0.002810442878711625
800.0 59.5 0.002730432813286361
800.0 60.5 0.00303047810770005
800.0 61.5 0.0024603925515853044
800.0 62.5 0.002700427780573729
800.0 63.5 0.002490397584297936
800.0 64.5 0.002320372420734776
800.0 65.5 0.002350372420734776
800.0 66.5 0.0022103522898842473
800.0 67.5 0.0021903522898842477
800.0 68.5 0.002000322093608455
800.0 69.5 0.0020503271263210866
800.0 70.5 0.0019803170608958228
800.0 71.5 0.00178028686462003
800.0 72.5 0.0019003069954705582
800.0 73.5 0.0019403120281831904
800.0 74.5 0.0017302818319073978
800.0 75.5 0.0016802717664821337
800.0 76.5 0.001790291897332662
800.0 77.5 0.0012702063412179162
800.0 78.5 0.00176028686462003
800.0 79.5 0.0015602516356316052
800.0 80.5 0.0015202466029189733
800.0 81.5 0.0013302164066431805
800.0 82.5 0.0012702063412179162
800.0 83.5 0.0014202315047810768
800.0 84.5 0.0011501862103673879
800.0 85.5 0.0014002264720684447
800.0 86.5 0.0009201509813789631
800.0 87.5 0.0011201811776547557
800.0 88.5 0.0009201509813789631
800.0 89.5 0.0012201962757926522
800.0 90.5 0.0007001107196779063
800.0 91.5 0.0009501560140915954
800.0 92.5 0.0010101610468042275
800.0 93.5 0.0007701258178158027
800.0 94.5 0.000900145948666331
800.0 95.5 0.0007001107196779063
800.0 96.5 0.000910145948666331
800.0 97.5 0.0009301509813789632
800.0 98.5 0.000910145948666331
800.0 99.5 0.0007201157523905384
800.0 100.5 0.00058009562154001
800.0 101.5 0.0006801107196779063
800.0 102.5 0.0006301006542526421
800.0 103.5 0.0006101006542526421
800.0 104.5 0.0007001107196779063
800.0 105.5 0.0007701258178158027
800.0 106.5 0.0006101006542526421
800.0 107.5 0.00060009562154001
800.0 108.5 0.0006401056869652742
800.0 109.5 0.00060009562154001
800.0 110.5 0.0005600905888273779
800.0 111.5 0.0004800775037745344
800.0 112.5 0.00047007599396074474
800.0 113.5 0.0004600744841469552
800.0 114.5 0.0005200855561147458
800.0 115.5 0.000550090588827378
800.0 116.5 0.0004800775037745344
800.0 117.5 0.00031004982385505786
800.0 118.5 0.00042006794162053343
800.0 119.5 0.00058009562154001
800.0 120.5 0.0005600905888273779
800.0 121.5 0.0004600744841469552
800.0 122.5 0.00042006794162053343
800.0 123.5 0.00034005485656768994
800.0 124.5 0.00021003371917463511
800.0 125.5 0.0003000483140412682
800.0 126.5 0.0002400387518872672
800.0 127.5 0.0002700437845998993
800.0 128.5 0.0002600417715148465
800.0 129.5 0.0004300694514343231
800.0 130.5 0.0003200518369401107
800.0 131.5 0.0003300533467539003
800.0 132.5 0.00018002918973326621
800.0 133.5 0.0002600417715148465
800.0 134.5 0.00031004982385505786
800.0 135.5 0.0002600417715148465
800.0 136.5 0.0002700437845998993
800.0 137.5 0.0003000483140412682
800.0 138.5 0.00021003371917463511
800.0 139.5 0.0002700437845998993
800.0 140.5 0.0002600417715148465
800.0 141.5 0.0002000322093608455
800.0 142.5 0.00016002566683442373
800.0 143.5 0.00019003069954705583
800.0 144.5 0.0002000322093608455
800.0 145.5 0.0002400387518872672
800.0 146.5 0.00011001761449421236
800.0 147.5 0.0002300372420734776
800.0 148.5 0.00019003069954705583
800.0 149.5 0.00022003573225968793
800.0 150.5 0.000120019124308002
800.0 151.5 0.0002000322093608455
800.0 152.5 0.00019003069954705583
800.0 153.5 0.00025004026170105686
800.0 154.5 0.0002400387518872672
800.0 155.5 0.00019003069954705583
800.0 156.5 0.0002000322093608455
800.0 157.5 0.0001500241570206341
800.0 158.5 0.00017002717664821337
800.0 159.5 0.00013002113739305485
800.0 160.5 0.00019003069954705583
800.0 161.5 0.000120019124308002
800.0 162.5 0.00013002113739305485
800.0 163.5 0.0001500241570206341
800.0 164.5 0.00016002566683442373
800.0 165.5 0.000120019124308002
800.0 166.5 0.00010001610468042275
800.0 167.5 0.00010001610468042275
800.0 168.5 9.001459486663311e-05
800.0 169.5 0.00010001610468042275
800.0 170.5 0.00016002566683442373
800.0 171.5 0.000120019124308002
800.0 172.5 0.0001500241570206341
800.0 173.5 0.0001500241570206341
800.0 174.5 0.00010001610468042275
800.0 175.5 6.0009562154001e-05
800.0 176.5 0.000120019124308002
800.0 177.5 0.00013002113739305485
800.0 178.5 8.001308505284348e-05
800.0 179.5 0.00011001761449421236
800.0 180.5 6.0009562154001e-05
800.0 181.5 0.00011001761449421236
800.0 182.5 0.00016002566683442373
800.0 183.5 0.00014002264720684447
800.0 184.5 3.000483140412682e-05
800.0 185.5 5.0008052340211375e-05
800.0 186.5 7.001107196779063e-05
800.0 187.5 8.001308505284348e-05
800.0 188.5 4.000644187216909e-05
800.0 189.5 7.001107196779063e-05
800.0 190.5 5.0008052340211375e-05
800.0 191.5 6.0009562154001e-05
800.0 192.5 6.0009562154001e-05
800.0 193.5 4.000644187216909e-05
800.0 194.5 0.00010001610468042275
800.0 195.5 7.001107196779063e-05
800.0 196.5 4.000644187216909e-05
800.0 197.5 5.0008052340211375e-05
800.0 198.5 4.000644187216909e-05
800.0 199.5 4.000644187216909e-05
800.0 200.5 7.001107196779063e-05
800.0 201.5 6.0009562154001e-05
800.0 202.5 5.0008052340211375e-05
800.0 203.5 6.0009562154001e-05
800.0 204.5 3.000483140412682e-05
800.0 205.5 6.0009562154001e-05
800.0 206.5 8.001308505284348e-05
800.0 207.5 9.001459486663311e-05
800.0 208.5 6.0009562154001e-05
800.0 209.5 0.0
800.0 210.5 4.000644187216909e-05
800.0 211.5 3.000483140412682e-05
800.0 212.5 9.001459486663311e-05
800.0 213.5 5.0008052340211375e-05
800.0 214.5 6.0009562154001e-05
800.0 215.5 8.001308505284348e-05
800.0 216.5 5.0008052340211375e-05
800.0 217.5 5.0008052340211375e-05
800.0 218.5 3.000483140412682e-05
800.0 219.5 5.0008052340211375e-05
800.0 220.5 5.0008052340211375e-05
800.0 221.5 3.000483140412682e-05
800.0 222.5 1.0001610468042273e-05
800.0 223.5 6.0009562154001e-05
800.0 224.5 7.001107196779063e-05
800.0 225.5 3.000483140412682e-05
800.0 226.5 2.0003220936084546e-05
800.0 227.5 9.001459486663311e-05
800.0 228.5 1.0001610468042273e-05
800.0 229.5 1.0001610468042273e-05
800.0 230.5 2.0003220936084546e-05
800.0 231.5 0.0
800.0 232.5 1.0001610468042273e-05
800.0 233.5 0.0
800.0 234.5 2.0003220936084546e-05
800.0 235.5 2.0003220936084546e-05
800.0 236.5 2.0003220936084546e-05
800.0 237.5 0.0
800.0 238.5 4.000644187216909e-05
800.0 239.5 1.0001610468042273e-05
800.0 240.5 0.0
800.0 241.5 6.0009562154001e-05
800.0 242.5 1.0001610468042273e-05
800.0 243.5 1.0001610468042273e-05
800.0 244.5 0.0
800.0 245.5 3.000483140412682e-05
800.0 246.5 1.0001610468042273e-05
800.0 247.5 2.0003220936084546e-05
800.0 248.5 0.0
800.0 249.5 2.0003220936084546e-05
800.0 250.5 2.0003220936084546e-05
800.0 251.5 1.0001610468042273e-05
800.0 252.5 1.0001610468042273e-05
800.0 253.5 1.0001610468042273e-05
800.0 254.5 2.0003220936084546e-05
800.0 255.5 1.0001610468042273e-05
800.0 256.5 2.0003220936084546e-05
800.0 257.5 1.0001610468042273e-05
800.0 258.5 4.000644187216909e-05
800.0 259.5 0.0
800.0 260.5 2.0003220936084546e-05
800.0 261.5 3.000483140412682e-05
800.0 262.5 1.0001610468042273e-05
800.0 263.5 1.0001610468042273e-05
800.0 264.5 1.0001610468042273e-05
800.0 265.5 2.0003220936084546e-05
800.0 266.5 0.0
800.0 267.5 0.0
800.0 268.5 0.0
800.0 269.5 0.0
800.0 270.5 0.0
800.0 271.5 1.0001610468042273e-05
800.0 272.5 4.000644187216909e-05
800.0 273.5 0.0
800.0 274.5 2.0003220936084546e-05
800.0 275.5 1.0001610468042273e-05
800.0 276.5 0.0
800.0 277.5 0.0
800.0 278.5 2.0003220936084546e-05
800.0 279.5 1.0001610468042273e-05
800.0 280.5 0.0
800.0 281.5 2.0003220936084546e-05
800.0 282.5 1.0001610468042273e-05
800.0 283.5 0.0
800.0 284.5 1.0001610468042273e-05
800.0 285.5 0.0
800.0 286.5 2.0003220936084546e-05
800.0 287.5 1.0001610468042273e-05
800.0 288.5 1.0001610468042273e-05
800.0 289.5 1.0001610468042273e-05
800.0 290.5 1.0001610468042273e-05
800.0 291.5 0.0
800.0 292.5 0.0
800.0 293.5 2.0003220936084546e-05
800.0 294.5 0.0
800.0 295.5 2.0003220936084546e-05
800.0 296.5 1.0001610468042273e-05
800.0 297.5 0.0
800.0 298.5 1.0001610468042273e-05
800.0 299.5 1.0001610468042273e-05
800.0 300.5 0.0
800.0 301.5 0.0
800.0 302.5 0.0
800.0 303.5 1.0001610468042273e-05
800.0 304.5 0.0
800.0 305.5 0.0
800.0 306.5 0.0
800.0 307.5 0.0
800.0 308.5 1.0001610468042273e-05
800.0 309.5 0.0
800.0 310.5 1.0001610468042273e-05
800.0 311.5 1.0001610468042273e-05
800.0 312.5 1.0001610468042273e-05
800.0 313.5 1.0001610468042273e-05
800.0 314.5 1.0001610468042273e-05
800.0 315.5 1.0001610468042273e-05
800.0 316.5 0.0
800.0 317.5 0.0
800.0 318.5 1.0001610468042273e-05
800.0 319.5 1.0001610468042273e-05
800.0 320.5 0.0
800.0 321.5 0.0
800.0 322.5 0.0
800.0 323.5 0.0
800.0 324.5 2.0003220936084546e-05
800.0 325.5 0.0
800.0 326.5 1.0001610468042273e-05
800.0 327.5 0.0
800.0 328.5 0.0
800.0 329.5 0.0
800.0 330.5 0.0
800.0 331.5 1.0001610468042273e-05
800.0 332.5 1.0001610468042273e-05
800.0 333.5 0.0
800.0 334.5 1.0001610468042273e-05
800.0 335.5 0.0
800.0 336.5 0.0
800.0 337.5 0.0
800.0 338.5 0.0
800.0 339.5 0.0
800.0 340.5 0.0
800.0 341.5 0.0
800.0 342.5 0.0
800.0 343.5 1.0001610468042273e-05
800.0 344.5 0.0
800.0 345.5 1.0001610468042273e-05
800.0 346.5 0.0
800.0 347.5 0.0
800.0 348.5 0.0
800.0 349.5 0.0
800.0 350.5 0.0
800.0 351.5 0.0
800.0 352.5 0.0
800.0 353.5 0.0
800.0 354.5 0.0
800.0 355.5 1.0001610468042273e-05
800.0 356.5 0.0
800.0 357.5 0.0
800.0 358.5 0.0
800.0 359.5 0.0
800.0 360.5 0.0
800.0 361.5 1.0001610468042273e-05
800.0 362.5 0.0
800.0 363.5 0.0
800.0 364.5 0.0
800.0 365.5 0.0
800.0 366.5 1.0001610468042273e-05
800.0 367.5 0.0
800.0 368.5 0.0
800.0 369.5 0.0
800.0 370.5 0.0
800.0 371.5 0.0
800.0 372.5 1.0001610468042273e-05
800.0 373.5 0.0
800.0 374.5 0.0
800.0 375.5 1.0001610468042273e-05
800.0 376.5 0.0
800.0 377.5 0.0
800.0 378.5 0.0
800.0 379.5 0.0
800.0 380.5 0.0
800.0 381.5 0.0
800.0 382.5 0.0
800.0 383.5 0.0
800.0 384.5 0.0
800.0 385.5 0.0
800.0 386.5 0.0
800.0 387.5 0.0
800.0 388.5 0.0
800.0 389.5 0.0
800.0 390.5 0.0
800.0 391.5 0.0
800.0 392.5 0.0
800.0 393.5 0.0
800.0 394.5 0.0
800.0 395.5 0.0
800.0 396.5 0.0
800.0 397.5 0.0
800.0 398.5 0.0
800.0 399.5 0.0
800.0 400.5 0.0
800.0 401.5 0.0
800.0 402.5 0.0
800.0 403.5 0.0
800.0 404.5 2.0003220936084546e-05
800.0 405.5 0.0
800.0 406.5 0.0
800.0 407.5 0.0
800.0 408.5 0.0
800.0 409.5 0.0
800.0 410.5 0.0
800.0 411.5 0.0
800.0 412.5 1.0001610468042273e-05
800.0 413.5 0.0
800.0 414.5 1.0001610468042273e-05
800.0 415.5 0.0
800.0 416.5 0.0
800.0 417.5 0.0
800.0 418.5 0.0
800.0 419.5 0.0
800.0 420.5 0.0
800.0 421.5 0.0
800.0 422.5 0.0
800.0 423.5 0.0
800.0 424.5 0.0
800.0 425.5 0.0
800.0 426.5 0.0
800.0 427.5 0.0
800.0 428.5 0.0
800.0 429.5 0.0
800.0 430.5 0.0
800.0 431.5 0.0
800.0 432.5 0.0
800.0 433.5 0.0
800.0 434.5 0.0
800.0 435.5 0.0
800.0 436.5 0.0
800.0 437.5 0.0
800.0 438.5 0.0
800.0 439.5 1.0001610468042273e-05
800.0 440.5 0.0
800.0 441.5 0.0
900.0 0.5 0.000309997715156131
900.0 1.5 0.02251911652703732
900.0 2.5 0.036730007616146226
900.0 3.5 0.03943015993907083
900.0 4.5 0.03586999238385377
900.0 5.5 0.033539832444782945
900.0 6.5 0.03030959634424981
900.0 7.5 0.02688941355674029
900.0 8.5 0.02512924600152323
900.0 9.5 0.02107920792079208
900.0 10.5 0.019169383092155372
900.0 11.5 0.01672955064737243
900.0 12.5 0.015569611576542271
900.0 13.5 0.01414973343488195
900.0 14.5 0.01251987814166032
900.0 15.5 0.012209900990099009
900.0 16.5 0.01107996953541508
900.0 17.5 0.00998994668697639
900.0 18.5 0.00890997715156131
900.0 19.5 0.00815993907083016
900.0 20.5 0.00750996191926885
900.0 21.5 0.007359961919268849
900.0 22.5 0.00700996191926885
900.0 23.5 0.00655996953541508
900.0 24.5 0.00571996953541508
900.0 25.5 0.00548996953541508
900.0 26.5 0.00528997715156131
900.0 27.5 0.005079977151561311
900.0 28.5 0.00441997715156131
900.0 29.5 0.00416997715156131
900.0 30.5 0.00408997715156131
900.0 31.5 0.003949977151561311
900.0 32.5 0.00388997715156131
900.0 33.5 0.0037599771515613102
900.0 34.5 0.00313998476770754
900.0 35.5 0.0029499847677075404
900.0 36.5 0.00298998476770754
900.0 37.5 0.00265998476770754
900.0 38.5 0.00230998476770754
900.0 39.5 0.00266998476770754
900.0 40.5 0.00219998476770754
900.0 41.5 0.00211998476770754
900.0 42.5 0.00217998476770754
900.0 43.5 0.00216998476770754
900.0 44.5 0.00201998476770754
900.0 45.5 0.00191999238385377
900.0 46.5 0.00183999238385377
900.0 47.5 0.00162999238385377
900.0 48.5 0.00134999238385377
900.0 49.5 0.00174999238385377
900.0 50.5 0.00165999238385377
900.0 51.5 0.00136999238385377
900.0 52.5 0.00174999238385377
900.0 53.5 0.0016099923838537701
900.0 54.5 0.0012099923838537702
900.0 55.5 0.00136999238385377
900.0 56.5 0.00117999238385377
900.0 57.5 0.00114999238385377
900.0 58.5 0.0012699923838537701
900.0 59.5 0.00124999238385377
900.0 60.5 0.00105999238385377
900.0 61.5 0.00123999238385377
900.0 62.5 0.00108999238385377
900.0 63.5 0.00098999238385377
900.0 64.5 0.00084999238385377
900.0 65.5 0.00093999238385377
900.0 66.5 0.00085999238385377
900.0 67.5 0.0009499923838537699
900.0 68.5 0.000759993907083016
900.0 69.5 0.0008099923838537701
900.0 70.5 0.000749993907083016
900.0 71.5 0.000669994668697639
900.0 72.5 0.0008399923838537701
900.0 73.5 0.0005299954303122621
900.0 74.5 0.000619994668697639
900.0 75.5 0.000649994668697639
900.0 76.5 0.000579995430312262
900.0 77.5 0.000469996191926885
900.0 78.5 0.000619994668697639
900.0 79.5 0.000609994668697639
900.0 80.5 0.000649994668697639
900.0 81.5 0.000489996191926885
900.0 82.5 0.000509995430312262
900.0 83.5 0.00038999695354150805
900.0 84.5 0.000519995430312262
900.0 85.5 0.000489996191926885
900.0 86.5 0.000509995430312262
900.0 87.5 0.000469996191926885
900.0 88.5 0.000429996191926885
900.0 89.5 0.000329997715156131
900.0 90.5 0.00038999695354150805
900.0 91.5 0.00041999619192688504
900.0 92.5 0.00043999619192688504
900.0 93.5 0.000459996191926885
900.0 94.5 0.00029999771515613096
900.0 95.5 0.000329997715156131
900.0 96.5 0.000319997715156131
900.0 97.5 0.000369996953541508
900.0 98.5 0.000309997715156131
900.0 99.5 0.000259997715156131
900.0 100.5 0.000319997715156131
900.0 101.5 0.000349996953541508
900.0 102.5 0.00033999695354150803
900.0 103.5 0.00029999771515613096
900.0 104.5 0.000319997715156131
900.0 105.5 0.00033999695354150803
900.0 106.5 0.000319997715156131
900.0 107.5 0.000229998476770754
900.0 108.5 0.000289997715156131
900.0 109.5 0.000279997715156131
900.0 110.5 0.000279997715156131
900.0 111.5 0.000189998476770754
900.0 112.5 0.000249997715156131
900.0 113.5 0.000209998476770754
900.0 114.5 0.000279997715156131
900.0 115.5 0.000139999238385377
900.0 116.5 0.000189998476770754
900.0 117.5 0.000159998476770754
900.0 118.5 0.00019999847677075399
900.0 119.5 0.00016999847677075402
900.0 120.5 0.000159998476770754
900.0 121.5 0.000159998476770754
900.0 122.5 0.000139999238385377
900.0 123.5 0.000209998476770754
900.0 124.5 0.000129999238385377
900.0 125.5 0.000129999238385377
900.0 126.5 0.000219998476770754
900.0 127.5 0.00016999847677075402
900.0 128.5 7.9999238385377e-05
900.0 129.5 8.999923838537701e-05
900.0 130.5 8.999923838537701e-05
900.0 131.5 0.000109999238385377
900.0 132.5 0.00014999847677075402
900.0 133.5 0.00016999847677075402
900.0 134.5 9.999923838537699e-05
900.0 135.5 8.999923838537701e-05
900.0 136.5 6.999946686976391e-05
900.0 137.5 7.9999238385377e-05
900.0 138.5 0.00011999923838537699
900.0 139.5 0.000129999238385377
900.0 140.5 0.000139999238385377
900.0 141.5 0.000139999238385377
900.0 142.5 3.99996953541508e-05
900.0 143.5 9.999923838537699e-05
900.0 144.5 4.9999619192688496e-05
900.0 145.5 6.999946686976391e-05
900.0 146.5 0.000139999238385377
900.0 147.5 9.999923838537699e-05
900.0 148.5 0.000129999238385377
900.0 149.5 8.999923838537701e-05
900.0 150.5 0.00014999847677075402
900.0 151.5 9.999923838537699e-05
900.0 152.5 5.99995430312262e-05
900.0 153.5 3.99996953541508e-05
900.0 154.5 6.999946686976391e-05
900.0 155.5 8.999923838537701e-05
900.0 156.5 9.999923838537699e-05
900.0 157.5 5.99995430312262e-05
900.0 158.5 4.9999619192688496e-05
900.0 159.5 4.9999619192688496e-05
900.0 160.5 4.9999619192688496e-05
900.0 161.5 4.9999619192688496e-05
900.0 162.5 3.99996953541508e-05
900.0 163.5 0.000109999238385377
900.0 164.5 4.9999619192688496e-05
900.0 165.5 8.999923838537701e-05
900.0 166.5 5.99995430312262e-05
900.0 167.5 6.999946686976391e-05
900.0 168.5 2.99997715156131e-05
900.0 169.5 4.9999619192688496e-05
900.0 170.5 0.000109999238385377
900.0 171.5 6.999946686976391e-05
900.0 172.5 6.999946686976391e-05
900.0 173.5 4.9999619192688496e-05
900.0 174.5 4.9999619192688496e-05
900.0 175.5 4.9999619192688496e-05
900.0 176.5 4.9999619192688496e-05
900.0 177.5 4.9999619192688496e-05
900.0 178.5 2.99997715156131e-05
900.0 179.5 4.9999619192688496e-05
900.0 180.5 4.9999619192688496e-05
900.0 181.5 4.9999619192688496e-05
900.0 182.5 3.99996953541508e-05
900.0 183.5 9.9999238385377e-06
900.0 184.5 3.99996953541508e-05
900.0 185.5 3.99996953541508e-05
900.0 186.5 2.99997715156131e-05
900.0 187.5 1.99998476770754e-05
900.0 188.5 3.99996953541508e-05
900.0 189.5 1.99998476770754e-05
900.0 190.5 1.99998476770754e-05
900.0 191.5 9.9999238385377e-06
900.0 192.5 4.9999619192688496e-05
900.0 193.5 4.9999619192688496e-05
900.0 194.5 2.99997715156131e-05
900.0 195.5 9.9999238385377e-06
900.0 196.5 1.99998476770754e-05
900.0 197.5 0.0
900.0 198.5 3.99996953541508e-05
900.0 199.5 1.99998476770754e-05
900.0 200.5 2.99997715156131e-05
900.0 201.5 9.9999238385377e-06
900.0 202.5 1.99998476770754e-05
900.0 203.5 3.99996953541508e-05
900.0 204.5 3.99996953541508e-05
900.0 205.5 1.99998476770754e-05
900.0 206.5 2.99997715156131e-05
900.0 207.5 0.0
900.0 208.5 0.0
900.0 209.5 9.9999238385377e-06
900.0 210.5 1.99998476770754e-05
900.0 211.5 0.0
900.0 212.5 1.99998476770754e-05
900.0 213.5 1.99998476770754e-05
900.0 214.5 0.0
900.0 215.5 0.0
900.0 216.5 0.0
900.0 217.5 9.9999238385377e-06
900.0 218.5 2.99997715156131e-05
900.0 219.5 0.0
900.0 220.5 1.99998476770754e-05
900.0 221.5 2.99997715156131e-05
900.0 222.5 1.99998476770754e-05
900.0 223.5 5.99995430312262e-05
900.0 224.5 9.9999238385377e-06
900.0 225.5 0.0
900.0 226.5 9.9999238385377e-06
900.0 227.5 9.9999238385377e-06
900.0 228.5 9.9999238385377e-06
900.0 229.5 0.0
900.0 230.5 1.99998476770754e-05
900.0 231.5 9.9999238385377e-06
900.0 232.5 2.99997715156131e-05
900.0 233.5 0.0
900.0 234.5 1.99998476770754e-05
900.0 235.5 0.0
900.0 236.5 0.0
900.0 237.5 1.99998476770754e-05
900.0 238.5 1.99998476770754e-05
900.0 239.5 1.99998476770754e-05
900.0 240.5 0.0
900.0 241.5 9.9999238385377e-06
900.0 242.5 9.9999238385377e-06
900.0 243.5 9.9999238385377e-06
900.0 244.5 0.0
900.0 245.5 9.9999238385377e-06
900.0 246.5 0.0
900.0 247.5 1.99998476770754e-05
900.0 248.5 0.0
900.0 249.5 0.0
900.0 250.5 0.0
900.0 251.5 9.9999238385377e-06
900.0 252.5 1.99998476770754e-05
900.0 253.5 9.9999238385377e-06
900.0 254.5 1.99998476770754e-05
900.0 255.5 2.99997715156131e-05
900.0 256.5 9.9999238385377e-06
900.0 257.5 9.9999238385377e-06
900.0 258.5 0.0
900.0 259.5 3.99996953541508e-05
900.0 260.5 0.0
900.0 261.5 0.0
900.0 262.5 0.0
900.0 263.5 0.0
900.0 264.5 0.0
900.0 265.5 0.0
900.0 266.5 0.0
900.0 267.5 1.99998476770754e-05
900.0 268.5 0.0
900.0 269.5 9.9999238385377e-06
900.0 270.5 1.99998476770754e-05
900.0 271.5 0.0
900.0 272.5 9.9999238385377e-06
900.0 273.5 0.0
900.0 274.5 3.99996953541508e-05
900.0 275.5 0.0
900.0 276.5 9.9999238385377e-06
900.0 277.5 9.9999238385377e-06
900.0 278.5 0.0
900.0 279.5 0.0
900.0 280.5 1.99998476770754e-05
900.0 281.5 9.9999238385377e-06
900.0 282.5 0.0
900.0 283.5 9.9999238385377e-06
900.0 284.5 0.0
900.0 285.5 0.0
900.0 286.5 9.9999238385377e-06
900.0 287.5 9.9999238385377e-06
900.0 288.5 9.9999238385377e-06
900.0 289.5 9.9999238385377e-06
900.0 290.5 0.0
900.0 291.5 9.9999238385377e-06
900.0 292.5 0.0
900.0 293.5 0.0
900.0 294.5 0.0
900.0 295.5 9.9999238385377e-06
900.0 296.5 0.0
900.0 297.5 0.0
900.0 298.5 9.9999238385377e-06
900.0 299.5 9.9999238385377e-06
900.0 300.5 0.0
900.0 301.5 0.0
900.0 302.5 9.9999238385377e-06
900.0 303.5 0.0
900.0 304.5 0.0
900.0 305.5 0.0
900.0 306.5 0.0
900.0 307.5 0.0
900.0 308.5 9.9999238385377e-06
900.0 309.5 0.0
900.0 310.5 0.0
900.0 311.5 0.0
900.0 312.5 0.0
900.0 313.5 0.0
900.0 314.5 0.0
900.0 315.5 0.0
900.0 316.5 0.0
900.0 317.5 0.0
900.0 318.5 0.0
900.0 319.5 0.0
900.0 320.5 0.0
900.0 321.5 0.0
900.0 322.5 0.0
900.0 323.5 0.0
900.0 324.5 0.0
900.0 325.5 0.0
900.0 326.5 0.0
900.0 327.5 0.0
900.0 328.5 0.0
900.0 329.5 0.0
900.0 330.5 0.0
900.0 331.5 9.9999238385377e-06
900.0 332.5 0.0
900.0 333.5 0.0
900.0 334.5 9.9999238385377e-06
900.0 335.5 0.0
900.0 336.5 9.9999238385377e-06
900.0 337.5 0.0
900.0 338.5 0.0
900.0 339.5 0.0
900.0 340.5 0.0
900.0 341.5 0.0
900.0 342.5 9.9999238385377e-06
900.0 343.5 0.0
900.0 344.5 0.0
900.0 345.5 0.0
900.0 346.5 0.0
900.0 347.5 1.99998476770754e-05
900.0 348.5 9.9999238385377e-06
900.0 349.5 0.0
900.0 350.5 0.0
900.0 351.5 0.0
900.0 352.5 0.0
900.0 353.5 0.0
900.0 354.5 0.0
900.0 355.5 0.0
900.0 356.5 0.0
900.0 357.5 0.0
900.0 358.5 9.9999238385377e-06
900.0 359.5 9.9999238385377e-06
900.0 360.5 0.0
900.0 361.5 0.0
900.0 362.5 0.0
900.0 363.5 0.0
900.0 364.5 0.0
900.0 365.5 0.0
900.0 366.5 0.0
900.0 367.5 0.0
900.0 368.5 0.0
900.0 369.5 0.0
900.0 370.5 0.0
900.0 371.5 0.0
900.0 372.5 0.0
900.0 373.5 0.0
900.0 374.5 0.0
900.0 375.5 0.0
900.0 376.5 0.0
900.0 377.5 0.0
900.0 378.5 0.0
900.0 379.5 9.9999238385377e-06
900.0 380.5 0.0
900.0 381.5 0.0
900.0 382.5 0.0
900.0 383.5 0.0
900.0 384.5 0.0
1000.0 0.5 0.0007899735128573005
1000.0 1.5 0.05845502703895817
1000.0 2.5 0.0941787882132215
1000.0 3.5 0.10403708199977926
1000.0 4.5 0.101867453923408
1000.0 5.5 0.09572850678733032
1000.0 6.5 0.08827988080785786
1000.0 7.5 0.07911146672552699
1000.0 8.5 0.07059298090718465
1000.0 9.5 0.06422403708199978
1000.0 10.5 0.059184858183423464
1000.0 11.5 0.05304602141044035
1000.0 12.5 0.047277011367398744
1000.0 13.5 0.04517735349299194
1000.0 14.5 0.04000827723209359
1000.0 15.5 0.03780863039399625
1000.0 16.5 0.03346937424125373
1000.0 17.5 0.03233947687893168
1000.0 18.5 0.02910936982672994
1000.0 19.5 0.02697936210131332
1000.0 20.5 0.023889305816135083
1000.0 21.5 0.022569252841849685
1000.0 22.5 0.021549277121730496
1000.0 23.5 0.02121929146893279
1000.0 24.5 0.018969208696611856
1000.0 25.5 0.01786921973292131
1000.0 26.5 0.01738914027149321
1000.0 27.5 0.016379097229886327
1000.0 28.5 0.015239267189051981
1000.0 29.5 0.013709303608873194
1000.0 30.5 0.013609314645182651
1000.0 31.5 0.01245944156274142
1000.0 32.5 0.012449398521134532
1000.0 33.5 0.011389581723871537
1000.0 34.5 0.01052958834565721
1000.0 35.5 0.010449597174704778
1000.0 36.5 0.010509590552919104
1000.0 37.5 0.009929643527204502
1000.0 38.5 0.008949718574108817
1000.0 39.5 0.00848974726851341
1000.0 40.5 0.008189769341132325
1000.0 41.5 0.008289769341132324
1000.0 42.5 0.007939774859287055
1000.0 43.5 0.006929809071846375
1000.0 44.5 0.007169793621013133
1000.0 45.5 0.0064298201081558325
1000.0 46.5 0.005989824522679616
1000.0 47.5 0.006229820108155832
1000.0 48.5 0.005589835558989074
1000.0 49.5 0.005529842180774749
1000.0 50.5 0.0056198432844056945
1000.0 51.5 0.005199856527977045
1000.0 52.5 0.005129853217084208
1000.0 53.5 0.005029853217084207
1000.0 54.5 0.004749862046131773
1000.0 55.5 0.004119876393334069
1000.0 56.5 0.004329875289703124
1000.0 57.5 0.004459871978810286
1000.0 58.5 0.004059883015119744
1000.0 59.5 0.003889890740536365
1000.0 60.5 0.003989879704226907
1000.0 61.5 0.0032699039841077144
1000.0 62.5 0.003289901776845823
1000.0 63.5 0.003499900673214877
1000.0 64.5 0.0028999117095243354
1000.0 65.5 0.003089912813155281
1000.0 66.5 0.003339907295000552
1000.0 67.5 0.002989912813155281
1000.0 68.5 0.002999911709524335
1000.0 69.5 0.00263991833131001
1000.0 70.5 0.002559927160357576
1000.0 71.5 0.0026699260567266303
1000.0 72.5 0.002339929367619468
1000.0 73.5 0.0024799249530956845
1000.0 74.5 0.0023499282639885223
1000.0 75.5 0.002069937093036089
1000.0 76.5 0.0020099437148217636
1000.0 77.5 0.0025799249530956848
1000.0 78.5 0.0021499393002979805
1000.0 79.5 0.0020499393002979802
1000.0 80.5 0.0019399404039289261
1000.0 81.5 0.002029941507559872
1000.0 82.5 0.0018499393002979804
1000.0 83.5 0.0018199426111908177
1000.0 84.5 0.0019599381966670347
1000.0 85.5 0.0016099547511312217
1000.0 86.5 0.0015899459220836553
1000.0 87.5 0.0014699481293455469
1000.0 88.5 0.0015999448184527093
1000.0 89.5 0.0014599492329764926
1000.0 90.5 0.0012999558547621675
1000.0 91.5 0.001479958062024059
1000.0 92.5 0.0013399624765478423
1000.0 93.5 0.0013099547511312216
1000.0 94.5 0.0014299525438693302
1000.0 95.5 0.0010199657874406798
1000.0 96.5 0.001119964683809734
1000.0 97.5 0.0012099657874406798
1000.0 98.5 0.0012899569583931134
1000.0 99.5 0.0015099547511312219
1000.0 100.5 0.0011799580620240593
1000.0 101.5 0.001119964683809734
1000.0 102.5 0.0012099657874406798
1000.0 103.5 0.001079964683809734
1000.0 104.5 0.0009299690983335173
1000.0 105.5 0.0009799668910716256
1000.0 106.5 0.0011799580620240593
1000.0 107.5 0.0009099690983335173
1000.0 108.5 0.0009699679947025715
1000.0 109.5 0.0009599679947025714
1000.0 110.5 0.0009399690983335172
1000.0 111.5 0.000879970201964463
1000.0 112.5 0.0007799735128573006
1000.0 113.5 0.0007799735128573006
1000.0 114.5 0.0009299690983335173
1000.0 115.5 0.000709976823750138
1000.0 116.5 0.0007299757201191921
1000.0 117.5 0.0008099724092263547
1000.0 118.5 0.0006099801346429754
1000.0 119.5 0.0009199690983335172
1000.0 120.5 0.000539982341904867
1000.0 121.5 0.0006599779273810837
1000.0 122.5 0.0005899801346429754
1000.0 123.5 0.0006199790310120295
1000.0 124.5 0.0006499779273810838
1000.0 125.5 0.0005799801346429754
1000.0 126.5 0.000539982341904867
1000.0 127.5 0.0005699812382739212
1000.0 128.5 0.0005799801346429754
1000.0 129.5 0.0005799801346429754
1000.0 130.5 0.00043998565279770445
1000.0 131.5 0.000539982341904867
1000.0 132.5 0.000519982341904867
1000.0 133.5 0.0004799834455358128
1000.0 134.5 0.000539982341904867
1000.0 135.5 0.0003899867564286503
1000.0 136.5 0.00041998565279770445
1000.0 137.5 0.0004599845491667586
1000.0 138.5 0.0004699845491667586
1000.0 139.5 0.0004799834455358128
1000.0 140.5 0.0004899834455358128
1000.0 141.5 0.0004599845491667586
1000.0 142.5 0.0003499878600595961
1000.0 143.5 0.00035998786005959606
1000.0 144.5 0.0003899867564286503
1000.0 145.5 0.0003099900673214877
1000.0 146.5 0.00032998896369054183
1000.0 147.5 0.00039998675642865026
1000.0 148.5 0.00032998896369054183
1000.0 149.5 0.0002999900673214877
1000.0 150.5 0.0002799911709524335
1000.0 151.5 0.00037998675642865026
1000.0 152.5 0.0002799911709524335
1000.0 153.5 0.00032998896369054183
1000.0 154.5 0.0002799911709524335
1000.0 155.5 0.00031998896369054186
1000.0 156.5 0.0002999900673214877
1000.0 157.5 0.0002899900673214877
1000.0 158.5 0.0002499911709524335
1000.0 159.5 0.0003099900673214877
1000.0 160.5 0.0002999900673214877
1000.0 161.5 0.0002999900673214877
1000.0 162.5 0.0002599911709524335
1000.0 163.5 0.0003099900673214877
1000.0 164.5 0.00017999448184527096
1000.0 165.5 0.0003099900673214877
1000.0 166.5 0.0002299922745833793
1000.0 167.5 0.0002699911709524335
1000.0 168.5 0.0002599911709524335
1000.0 169.5 0.00011999558547621676
1000.0 170.5 0.00010999635801787882
1000.0 171.5 0.00015999448184527093
1000.0 172.5 0.0002299922745833793
1000.0 173.5 0.00014999448184527093
1000.0 174.5 0.00019999337821432513
1000.0 175.5 0.0002999900673214877
1000.0 176.5 0.00016999448184527093
1000.0 177.5 0.00019999337821432513
1000.0 178.5 0.00016999448184527093
1000.0 179.5 0.00018999337821432513
1000.0 180.5 0.00019999337821432513
1000.0 181.5 0.00015999448184527093
1000.0 182.5 0.00013999558547621676
1000.0 183.5 0.00013999558547621676
1000.0 184.5 0.00013999558547621676
1000.0 185.5 0.00012999558547621676
1000.0 186.5 0.00015999448184527093
1000.0 187.5 0.00019999337821432513
1000.0 188.5 0.00019999337821432513
1000.0 189.5 0.00015999448184527093
1000.0 190.5 0.00012999558547621676
1000.0 191.5 0.00015999448184527093
1000.0 192.5 0.00015999448184527093
1000.0 193.5 0.00010999635801787882
1000.0 194.5 0.00014999448184527093
1000.0 195.5 5.999801346429754e-05
1000.0 196.5 9.999668910716256e-05
1000.0 197.5 0.00010999635801787882
1000.0 198.5 0.00014999448184527093
1000.0 199.5 0.00011999558547621676
1000.0 200.5 0.00010999635801787882
1000.0 201.5 9.999668910716256e-05
1000.0 202.5 8.999702019644631e-05
1000.0 203.5 8.999702019644631e-05
1000.0 204.5 0.00013999558547621676
1000.0 205.5 8.999702019644631e-05
1000.0 206.5 0.00014999448184527093
1000.0 207.5 0.00010999635801787882
1000.0 208.5 9.999668910716256e-05
1000.0 209.5 9.999668910716256e-05
1000.0 210.5 6.99976823750138e-05
1000.0 211.5 5.999801346429754e-05
1000.0 212.5 7.999735128573006e-05
1000.0 213.5 4.999834455358128e-05
1000.0 214.5 0.00012999558547621676
1000.0 215.5 0.00010999635801787882
1000.0 216.5 9.999668910716256e-05
1000.0 217.5 5.999801346429754e-05
1000.0 218.5 9.999668910716256e-05
1000.0 219.5 0.00011999558547621676
1000.0 220.5 8.999702019644631e-05
1000.0 221.5 0.00012999558547621676
1000.0 222.5 8.999702019644631e-05
1000.0 223.5 9.999668910716256e-05
1000.0 224.5 8.999702019644631e-05
1000.0 225.5 0.00012999558547621676
1000.0 226.5 6.99976823750138e-05
1000.0 227.5 9.999668910716256e-05
1000.0 228.5 7.999735128573006e-05
1000.0 229.5 8.999702019644631e-05
1000.0 230.5 7.999735128573006e-05
1000.0 231.5 4.999834455358128e-05
1000.0 232.5 4.999834455358128e-05
1000.0 233.5 7.999735128573006e-05
1000.0 234.5 3.999867564286503e-05
1000.0 235.5 6.99976823750138e-05
1000.0 236.5 8.999702019644631e-05
1000.0 237.5 7.999735128573006e-05
1000.0 238.5 2.999900673214877e-05
1000.0 239.5 6.99976823750138e-05
1000.0 240.5 1.9999337821432516e-05
1000.0 241.5 3.999867564286503e-05
1000.0 242.5 3.999867564286503e-05
1000.0 243.5 3.999867564286503e-05
1000.0 244.5 7.999735128573006e-05
1000.0 245.5 5.999801346429754e-05
1000.0 246.5 1.9999337821432516e-05
1000.0 247.5 2.999900673214877e-05
1000.0 248.5 9.999668910716256e-05
1000.0 249.5 5.999801346429754e-05
1000.0 250.5 3.999867564286503e-05
1000.0 251.5 2.999900673214877e-05
1000.0 252.5 3.999867564286503e-05
1000.0 253.5 4.999834455358128e-05
1000.0 254.5 4.999834455358128e-05
1000.0 255.5 9.999668910716258e-06
1000.0 256.5 5.999801346429754e-05
1000.0 257.5 2.999900673214877e-05
1000.0 258.5 1.9999337821432516e-05
1000.0 259.5 2.999900673214877e-05
1000.0 260.5 2.999900673214877e-05
1000.0 261.5 9.999668910716258e-06
1000.0 262.5 1.9999337821432516e-05
1000.0 263.5 8.999702019644631e-05
1000.0 264.5 3.999867564286503e-05
1000.0 265.5 5.999801346429754e-05
1000.0 266.5 1.9999337821432516e-05
1000.0 267.5 5.999801346429754e-05
1000.0 268.5 2.999900673214877e-05
1000.0 269.5 1.9999337821432516e-05
1000.0 270.5 9.999668910716258e-06
1000.0 271.5 6.99976823750138e-05
1000.0 272.5 0.0
1000.0 273.5 2.999900673214877e-05
1000.0 274.5 3.999867564286503e-05
1000.0 275.5 9.999668910716258e-06
1000.0 276.5 2.999900673214877e-05
1000.0 277.5 9.999668910716258e-06
1000.0 278.5 2.999900673214877e-05
1000.0 279.5 9.999668910716258e-06
1000.0 280.5 0.0
1000.0 281.5 3.999867564286503e-05
1000.0 282.5 1.9999337821432516e-05
1000.0 283.5 2.999900673214877e-05
1000.0 284.5 9.999668910716258e-06
1000.0 285.5 9.999668910716258e-06
1000.0 286.5 2.999900673214877e-05
1000.0 287.5 9.999668910716258e-06
1000.0 288.5 9.999668910716258e-06
1000.0 289.5 3.999867564286503e-05
1000.0 290.5 2.999900673214877e-05
1000.0 291.5 9.999668910716258e-06
1000.0 292.5 2.999900673214877e-05
1000.0 293.5 1.9999337821432516e-05
1000.0 294.5 2.999900673214877e-05
1000.0 295.5 3.999867564286503e-05
1000.0 296.5 9.999668910716258e-06
1000.0 297.5 1.9999337821432516e-05
1000.0 298.5 1.9999337821432516e-05
1000.0 299.5 2.999900673214877e-05
1000.0 300.5 3.999867564286503e-05
1000.0 301.5 4.999834455358128e-05
1000.0 302.5 0.0
1000.0 303.5 1.9999337821432516e-05
1000.0 304.5 9.999668910716258e-06
1000.0 305.5 0.0
1000.0 306.5 0.0
1000.0 307.5 9.999668910716258e-06
1000.0 308.5 1.9999337821432516e-05
1000.0 309.5 1.9999337821432516e-05
1000.0 310.5 9.999668910716258e-06
1000.0 311.5 2.999900673214877e-05
1000.0 312.5 1.9999337821432516e-05
1000.0 313.5 9.999668910716258e-06
1000.0 314.5 9.999668910716258e-06
1000.0 315.5 0.0
1000.0 316.5 9.999668910716258e-06
1000.0 317.5 9.999668910716258e-06
1000.0 318.5 9.999668910716258e-06
1000.0 319.5 1.9999337821432516e-05
1000.0 320.5 0.0
1000.0 321.5 9.999668910716258e-06
1000.0 322.5 0.0
1000.0 323.5 9.999668910716258e-06
1000.0 324.5 0.0
1000.0 325.5 9.999668910716258e-06
1000.0 326.5 9.999668910716258e-06
1000.0 327.5 9.999668910716258e-06
1000.0 328.5 2.999900673214877e-05
1000.0 329.5 9.999668910716258e-06
1000.0 330.5 0.0
1000.0 331.5 1.9999337821432516e-05
1000.0 332.5 0.0
1000.0 333.5 2.999900673214877e-05
1000.0 334.5 1.9999337821432516e-05
1000.0 335.5 0.0
1000.0 336.5 1.9999337821432516e-05
1000.0 337.5 0.0
1000.0 338.5 9.999668910716258e-06
1000.0 339.5 0.0
1000.0 340.5 0.0
1000.0 341.5 0.0
1000.0 342.5 0.0
1000.0 343.5 9.999668910716258e-06
1000.0 344.5 0.0
1000.0 345.5 0.0
1000.0 346.5 2.999900673214877e-05
1000.0 347.5 0.0
1000.0 348.5 9.999668910716258e-06
1000.0 349.5 0.0
1000.0 350.5 0.0
1000.0 351.5 0.0
1000.0 352.5 0.0
1000.0 353.5 9.999668910716258e-06
1000.0 354.5 0.0
1000.0 355.5 9.999668910716258e-06
1000.0 356.5 0.0
1000.0 357.5 9.999668910716258e-06
1000.0 358.5 0.0
1000.0 359.5 9.999668910716258e-06
1000.0 360.5 0.0
1000.0 361.5 9.999668910716258e-06
1000.0 362.5 9.999668910716258e-06
1000.0 363.5 9.999668910716258e-06
1000.0 364.5 9.999668910716258e-06
1000.0 365.5 0.0
1000.0 366.5 9.999668910716258e-06
1000.0 367.5 9.999668910716258e-06
1000.0 368.5 9.999668910716258e-06
1000.0 369.5 9.999668910716258e-06
1000.0 370.5 2.999900673214877e-05
1000.0 371.5 0.0
1000.0 372.5 0.0
1000.0 373.5 0.0
1000.0 374.5 0.0
1000.0 375.5 0.0
1000.0 376.5 0.0
1000.0 377.5 0.0
1000.0 378.5 0.0
1000.0 379.5 9.999668910716258e-06
1000.0 380.5 0.0
1000.0 381.5 9.999668910716258e-06
1000.0 382.5 9.999668910716258e-06
1000.0 383.5 0.0
1000.0 384.5 1.9999337821432516e-05
1000.0 385.5 0.0
1000.0 386.5 0.0
1000.0 387.5 9.999668910716258e-06
1000.0 388.5 9.999668910716258e-06
1000.0 389.5 0.0
1000.0 390.5 0.0
1000.0 391.5 0.0
1000.0 392.5 0.0
1000.0 393.5 0.0
1000.0 394.5 0.0
1000.0 395.5 0.0
1000.0 396.5 0.0
1000.0 397.5 0.0
1000.0 398.5 9.999668910716258e-06
1000.0 399.5 0.0
1000.0 400.5 0.0
1000.0 401.5 9.999668910716258e-06
1000.0 402.5 0.0
1000.0 403.5 9.999668910716258e-06
1000.0 404.5 9.999668910716258e-06
1000.0 405.5 1.9999337821432516e-05
1000.0 406.5 0.0
1000.0 407.5 0.0
1000.0 408.5 0.0
1000.0 409.5 0.0
1000.0 410.5 0.0
1000.0 411.5 0.0
1000.0 412.5 1.9999337821432516e-05
1000.0 413.5 0.0
1000.0 414.5 0.0
1000.0 415.5 9.999668910716258e-06
1000.0 416.5 0.0
1000.0 417.5 0.0
1000.0 418.5 0.0
1000.0 419.5 0.0
1000.0 420.5 9.999668910716258e-06
1000.0 421.5 0.0
1000.0 422.5 0.0
1000.0 423.5 0.0
1000.0 424.5 0.0
1000.0 425.5 0.0
1000.0 426.5 0.0
1000.0 427.5 0.0
1000.0 428.5 0.0
1000.0 429.5 0.0
1000.0 430.5 0.0
1000.0 431.5 0.0
1000.0 432.5 0.0
1000.0 433.5 9.999668910716258e-06
1000.0 434.5 0.0
1000.0 435.5 0.0
1000.0 436.5 0.0
1000.0 437.5 9.999668910716258e-06
1000.0 438.5 0.0
1000.0 439.5 0.0
1000.0 440.5 0.0
1000.0 441.5 0.0
1000.0 442.5 0.0
1000.0 443.5 0.0
1000.0 444.5 0.0
1000.0 445.5 0.0
1000.0 446.5 9.999668910716258e-06
1000.0 447.5 9.999668910716258e-06
1000.0 448.5 9.999668910716258e-06
1000.0 449.5 0.0
1000.0 450.5 0.0
1000.0 451.5 0.0
1000.0 452.5 9.999668910716258e-06
1000.0 453.5 0.0
1000.0 454.5 0.0
1000.0 455.5 0.0
1000.0 456.5 0.0
1000.0 457.5 9.999668910716258e-06
1000.0 458.5 0.0
1000.0 459.5 0.0
1000.0 460.5 0.0
1000.0 461.5 0.0
1000.0 462.5 0.0
1000.0 463.5 9.999668910716258e-06
1000.0 464.5 0.0
1000.0 465.5 0.0
1000.0 466.5 0.0
1000.0 467.5 0.0
1000.0 468.5 0.0
1000.0 469.5 0.0
1000.0 470.5 0.0
1000.0 471.5 0.0
1000.0 472.5 0.0
1000.0 473.5 0.0
1000.0 474.5 0.0
1000.0 475.5 9.999668910716258e-06
1000.0 476.5 0.0
1000.0 477.5 0.0
1000.0 478.5 0.0
1000.0 479.5 0.0
1000.0 480.5 0.0
1000.0 481.5 0.0
1000.0 482.5 9.999668910716258e-06
1000.0 483.5 0.0
1000.0 484.5 0.0
1000.0 485.5 0.0
1000.0 486.5 0.0
1000.0 487.5 0.0
1000.0 488.5 0.0
1000.0 489.5 0.0
1000.0 490.5 0.0
1000.0 491.5 0.0
1000.0 492.5 0.0
1000.0 493.5 0.0
1000.0 494.5 0.0
1000.0 495.5 0.0
1000.0 496.5 0.0
1000.0 497.5 0.0
1000.0 498.5 0.0
1000.0 499.5 0.0
1000.0 500.5 0.0
1000.0 501.5 0.0
1000.0 502.5 9.999668910716258e-06
1000.0 503.5 0.0
1000.0 504.5 0.0
1000.0 505.5 0.0
1000.0 506.5 0.0
1000.0 507.5 9.999668910716258e-06
1000.0 508.5 0.0
1000.0 509.5 0.0
1000.0 510.5 9.999668910716258e-06
1000.0 511.5 0.0
1000.0 512.5 9.999668910716258e-06
1000.0 513.5 0.0
1000.0 514.5 0.0
1000.0 515.5 0.0
1000.0 516.5 0.0
1000.0 517.5 0.0
1000.0 518.5 0.0
1000.0 519.5 0.0
1000.0 520.5 0.0
1000.0 521.5 0.0
1000.0 522.5 0.0
1000.0 523.5 0.0
1000.0 524.5 0.0
1000.0 525.5 9.999668910716258e-06
1000.0 526.5 0.0
1000.0 527.5 0.0
1000.0 528.5 0.0
1000.0 529.5 0.0
1000.0 530.5 0.0
1000.0 531.5 0.0
1000.0 532.5 0.0
1000.0 533.5 0.0
1000.0 534.5 0.0
1000.0 535.5 0.0
1000.0 536.5 0.0
1000.0 537.5 0.0
1000.0 538.5 0.0
1000.0 539.5 0.0
1000.0 540.5 0.0
1000.0 541.5 0.0
1000.0 542.5 0.0
1000.0 543.5 0.0
1000.0 544.5 0.0
1000.0 545.5 0.0
1000.0 546.5 9.999668910716258e-06
1000.0 547.5 0.0
1000.0 548.5 0.0
1000.0 549.5 0.0
1000.0 550.5 0.0
1000.0 551.5 0.0
1000.0 552.5 0.0
1000.0 553.5 0.0
1000.0 554.5 0.0
1000.0 555.5 0.0
1000.0 556.5 0.0
1000.0 557.5 0.0
1000.0 558.5 0.0
1000.0 559.5 0.0
1000.0 560.5 0.0
1000.0 561.5 0.0
1000.0 562.5 0.0
1000.0 563.5 0.0
1000.0 564.5 0.0
1000.0 565.5 0.0
1000.0 566.5 0.0
1000.0 567.5 0.0
1000.0 568.5 0.0
1000.0 569.5 0.0
1000.0 570.5 9.999668910716258e-06
1000.0 571.5 0.0
1000.0 572.5 0.0
1000.0 573.5 0.0
1000.0 574.5 0.0
1000.0 575.5 0.0
1000.0 576.5 0.0
1000.0 577.5 0.0
1000.0 578.5 0.0
1000.0 579.5 0.0
1000.0 580.5 0.0
1000.0 581.5 0.0
1000.0 582.5 0.0
1000.0 583.5 0.0
1000.0 584.5 0.0
1000.0 585.5 0.0
1000.0 586.5 0.0
1000.0 587.5 0.0
1000.0 588.5 0.0
1000.0 589.5 0.0
1000.0 590.5 0.0
1000.0 591.5 0.0
1000.0 592.5 0.0
1000.0 593.5 0.0
1000.0 594.5 0.0
1000.0 595.5 0.0
1000.0 596.5 0.0
1000.0 597.5 0.0
1000.0 598.5 0.0
1000.0 599.5 0.0
1000.0 600.5 0.0
1000.0 601.5 0.0
1000.0 602.5 0.0
1000.0 603.5 0.0
1000.0 604.5 0.0
1000.0 605.5 0.0
1000.0 606.5 0.0
1000.0 607.5 0.0
1000.0 608.5 0.0
1000.0 609.5 0.0
1000.0 610.5 0.0
1000.0 611.5 0.0
1000.0 612.5 0.0
1000.0 613.5 0.0
1000.0 614.5 0.0
1000.0 615.5 0.0
1000.0 616.5 0.0
1000.0 617.5 0.0
1000.0 618.5 0.0
1000.0 619.5 0.0
1000.0 620.5 0.0
1000.0 621.5 0.0
1000.0 622.5 0.0
1000.0 623.5 0.0
1000.0 624.5 0.0
1000.0 625.5 0.0
1000.0 626.5 0.0
1000.0 627.5 0.0
1000.0 628.5 0.0
1000.0 629.5 0.0
1000.0 630.5 0.0
1000.0 631.5 0.0
1000.0 632.5 0.0
1000.0 633.5 0.0
1000.0 634.5 0.0
1000.0 635.5 0.0
1000.0 636.5 0.0
1000.0 637.5 0.0
1000.0 638.5 0.0
1000.0 639.5 0.0
1000.0 640.5 0.0
1000.0 641.5 0.0
1000.0 642.5 0.0
1000.0 643.5 0.0
1000.0 644.5 0.0
1000.0 645.5 0.0
1000.0 646.5 0.0
1000.0 647.5 0.0
1000.0 648.5 0.0
1000.0 649.5 0.0
1000.0 650.5 0.0
1000.0 651.5 0.0
1000.0 652.5 0.0
1000.0 653.5 0.0
1000.0 654.5 0.0
1000.0 655.5 0.0
1000.0 656.5 0.0
1000.0 657.5 0.0
1000.0 658.5 0.0
1000.0 659.5 0.0
1000.0 660.5 0.0
1000.0 661.5 0.0
1000.0 662.5 0.0
1000.0 663.5 0.0
1000.0 664.5 0.0
1000.0 665.5 0.0
1000.0 666.5 0.0
1000.0 667.5 0.0
1000.0 668.5 0.0
1000.0 669.5 0.0
1000.0 670.5 0.0
1000.0 671.5 0.0
1000.0 672.5 0.0
1000.0 673.5 0.0
1000.0 674.5 0.0
1000.0 675.5 0.0
1000.0 676.5 0.0
1000.0 677.5 0.0
1000.0 678.5 0.0
1000.0 679.5 0.0
1000.0 680.5 0.0
1000.0 681.5 0.0
1000.0 682.5 0.0
1000.0 683.5 0.0
1000.0 684.5 0.0
1000.0 685.5 0.0
1000.0 686.5 0.0
1000.0 687.5 0.0
1000.0 688.5 0.0
1000.0 689.5 0.0
1000.0 690.5 0.0
1000.0 691.5 0.0
1000.0 692.5 0.0
1000.0 693.5 0.0
1000.0 694.5 0.0
1000.0 695.5 0.0
1000.0 696.5 0.0
1000.0 697.5 0.0
1000.0 698.5 0.0
1000.0 699.5 0.0
1000.0 700.5 0.0
1000.0 701.5 0.0
1000.0 702.5 0.0
1000.0 703.5 0.0
1000.0 704.5 0.0
1000.0 705.5 0.0
1000.0 706.5 0.0
1000.0 707.5 0.0
1000.0 708.5 0.0
1000.0 709.5 0.0
1000.0 710.5 0.0
1000.0 711.5 0.0
1000.0 712.5 0.0
1000.0 713.5 0.0
1000.0 714.5 0.0
1000.0 715.5 0.0
1000.0 716.5 0.0
1000.0 717.5 0.0
1000.0 718.5 0.0
1000.0 719.5 0.0
1000.0 720.5 0.0
1000.0 721.5 0.0
1000.0 722.5 0.0
1000.0 723.5 0.0
1000.0 724.5 0.0
1000.0 725.5 0.0
1000.0 726.5 0.0
1000.0 727.5 0.0
1000.0 728.5 0.0
1000.0 729.5 0.0
1000.0 730.5 0.0
1000.0 731.5 0.0
1000.0 732.5 0.0
1000.0 733.5 0.0
1000.0 734.5 0.0
1000.0 735.5 0.0
1000.0 736.5 0.0
1000.0 737.5 0.0
1000.0 738.5 0.0
1000.0 739.5 0.0
1000.0 740.5 0.0
1000.0 741.5 0.0
1000.0 742.5 0.0
1000.0 743.5 0.0
1000.0 744.5 0.0
1000.0 745.5 0.0
1000.0 746.5 0.0
1000.0 747.5 0.0
1000.0 748.5 0.0
1000.0 749.5 0.0
1000.0 750.5 0.0
1000.0 751.5 0.0
1000.0 752.5 0.0
1000.0 753.5 0.0
1000.0 754.5 0.0
1000.0 755.5 0.0
1000.0 756.5 0.0
1000.0 757.5 0.0
1000.0 758.5 0.0
1000.0 759.5 0.0
1000.0 760.5 0.0
1000.0 761.5 0.0
1000.0 762.5 0.0
1000.0 763.5 0.0
1000.0 764.5 0.0
1000.0 765.5 0.0
1000.0 766.5 0.0
1000.0 767.5 0.0
1000.0 768.5 0.0
1000.0 769.5 0.0
1000.0 770.5 0.0
1000.0 771.5 0.0
1000.0 772.5 0.0
1000.0 773.5 0.0
1000.0 774.5 0.0
1000.0 775.5 0.0
1000.0 776.5 0.0
1000.0 777.5 0.0
1000.0 778.5 0.0
1000.0 779.5 0.0
1000.0 780.5 0.0
1000.0 781.5 0.0
1000.0 782.5 0.0
1000.0 783.5 0.0
1000.0 784.5 0.0
1000.0 785.5 0.0
1000.0 786.5 0.0
1000.0 787.5 0.0
1000.0 788.5 0.0
1000.0 789.5 0.0
1000.0 790.5 0.0
1000.0 791.5 0.0
1000.0 792.5 0.0
1000.0 793.5 0.0
1000.0 794.5 0.0
1000.0 795.5 0.0
1000.0 796.5 0.0
1000.0 797.5 0.0
1000.0 798.5 0.0
1000.0 799.5 0.0
1000.0 800.5 0.0
1000.0 801.5 0.0
1000.0 802.5 0.0
1000.0 803.5 0.0
1000.0 804.5 0.0
1000.0 805.5 0.0
1000.0 806.5 0.0
1000.0 807.5 0.0
1000.0 808.5 0.0
1000.0 809.5 0.0
1000.0 810.5 0.0
1000.0 811.5 0.0
1000.0 812.5 0.0
1000.0 813.5 0.0
1000.0 814.5 0.0
1000.0 815.5 0.0
1000.0 816.5 0.0
1000.0 817.5 0.0
1000.0 818.5 0.0
1000.0 819.5 0.0
1000.0 820.5 0.0
1000.0 821.5 0.0
1000.0 822.5 0.0
1000.0 823.5 0.0
1000.0 824.5 0.0
1000.0 825.5 0.0
1000.0 826.5 0.0
1000.0 827.5 0.0
1000.0 828.5 0.0
1000.0 829.5 0.0
1000.0 830.5 0.0
1000.0 831.5 0.0
1000.0 832.5 0.0
1000.0 833.5 0.0
1000.0 834.5 0.0
1000.0 835.5 0.0
1000.0 836.5 0.0
1000.0 837.5 0.0
1000.0 838.5 0.0
1000.0 839.5 0.0
1000.0 840.5 0.0
1000.0 841.5 0.0
1000.0 842.5 0.0
1000.0 843.5 0.0
1000.0 844.5 0.0
1000.0 845.5 0.0
1000.0 846.5 0.0
1000.0 847.5 0.0
1000.0 848.5 0.0
1000.0 849.5 0.0
1000.0 850.5 0.0
1000.0 851.5 0.0
1000.0 852.5 0.0
1000.0 853.5 0.0
1000.0 854.5 0.0
1000.0 855.5 0.0
1000.0 856.5 0.0
1000.0 857.5 0.0
1000.0 858.5 0.0
1000.0 859.5 0.0
1000.0 860.5 0.0
1000.0 861.5 0.0
1000.0 862.5 0.0
1000.0 863.5 0.0
1000.0 864.5 0.0
1000.0 865.5 0.0
1000.0 866.5 0.0
1000.0 867.5 0.0
1000.0 868.5 0.0
1000.0 869.5 0.0
1000.0 870.5 0.0
1000.0 871.5 0.0
1000.0 872.5 0.0
1000.0 873.5 0.0
1000.0 874.5 0.0
1000.0 875.5 0.0
1000.0 876.5 0.0
1000.0 877.5 0.0
1000.0 878.5 0.0
1000.0 879.5 0.0
1000.0 880.5 0.0
1000.0 881.5 0.0
1000.0 882.5 0.0
1000.0 883.5 0.0
1000.0 884.5 0.0
1000.0 885.5 0.0
1000.0 886.5 0.0
1000.0 887.5 0.0
1000.0 888.5 0.0
1000.0 889.5 0.0
1000.0 890.5 0.0
1000.0 891.5 0.0
1000.0 892.5 0.0
1000.0 893.5 0.0
1000.0 894.5 0.0
1000.0 895.5 0.0
1000.0 896.5 0.0
1000.0 897.5 0.0
1000.0 898.5 0.0
1000.0 899.5 0.0
1000.0 900.5 0.0
1000.0 901.5 0.0
1000.0 902.5 0.0
1000.0 903.5 0.0
1000.0 904.5 0.0
1000.0 905.5 0.0
1000.0 906.5 0.0
1000.0 907.5 0.0
1000.0 908.5 0.0
1000.0 909.5 0.0
1000.0 910.5 0.0
1000.0 911.5 0.0
1000.0 912.5 0.0
1000.0 913.5 0.0
1000.0 914.5 0.0
1000.0 915.5 0.0
1000.0 916.5 0.0
1000.0 917.5 0.0
1000.0 918.5 0.0
1000.0 919.5 0.0
1000.0 920.5 0.0
1000.0 921.5 0.0
1000.0 922.5 0.0
1000.0 923.5 0.0
1000.0 924.5 0.0
1000.0 925.5 0.0
1000.0 926.5 0.0
1000.0 927.5 0.0
1000.0 928.5 0.0
1000.0 929.5 0.0
1000.0 930.5 0.0
1000.0 931.5 0.0
1000.0 932.5 0.0
1000.0 933.5 0.0
1000.0 934.5 0.0
1000.0 935.5 0.0
1000.0 936.5 0.0
1000.0 937.5 0.0
1000.0 938.5 0.0
1000.0 939.5 0.0
1000.0 940.5 0.0
1000.0 941.5 0.0
1000.0 942.5 0.0
1000.0 943.5 0.0
1000.0 944.5 0.0
1000.0 945.5 0.0
1000.0 946.5 0.0
1000.0 947.5 0.0
1000.0 948.5 0.0
1000.0 949.5 0.0
1000.0 950.5 0.0
1000.0 951.5 0.0
1000.0 952.5 0.0
1000.0 953.5 0.0
1000.0 954.5 0.0
1000.0 955.5 0.0
1000.0 956.5 0.0
1000.0 957.5 0.0
1000.0 958.5 0.0
1000.0 959.5 0.0
1000.0 960.5 0.0
1000.0 961.5 0.0
1000.0 962.5 0.0
1000.0 963.5 0.0
1000.0 964.5 0.0
1000.0 965.5 0.0
1000.0 966.5 0.0
1000.0 967.5 0.0
1000.0 968.5 0.0
1000.0 969.5 0.0
1000.0 970.5 0.0
1000.0 971.5 0.0
1000.0 972.5 0.0
1000.0 973.5 0.0
1000.0 974.5 0.0
1000.0 975.5 0.0
1000.0 976.5 0.0
1000.0 977.5 0.0
1000.0 978.5 0.0
1000.0 979.5 0.0
1000.0 980.5 0.0
1000.0 981.5 0.0
1000.0 982.5 0.0
1000.0 983.5 0.0
1000.0 984.5 0.0
1000.0 985.5 0.0
1000.0 986.5 0.0
1000.0 987.5 0.0
1000.0 988.5 0.0
1000.0 989.5 0.0
1000.0 990.5 0.0
1000.0 991.5 0.0
1000.0 992.5 0.0
1000.0 993.5 0.0
1000.0 994.5 0.0
1000.0 995.5 0.0
1000.0 996.5 0.0
1000.0 997.5 0.0
1000.0 998.5 0.0
1000.0 999.5 0.0
