75.0 -3.5 0.0
75.0 -3.4646464646464645 0.0
75.0 -3.4292929292929295 0.0
75.0 -3.393939393939394 0.0
75.0 -3.3585858585858586 0.0
75.0 -3.323232323232323 0.0
75.0 -3.287878787878788 0.0
75.0 -3.2525252525252526 0.0
75.0 -3.217171717171717 0.0
75.0 -3.1818181818181817 0.0
75.0 -3.1464646464646466 0.0
75.0 -3.111111111111111 0.0
75.0 -3.0757575757575757 0.0
75.0 -3.0404040404040407 0.0
75.0 -3.005050505050505 0.0
75.0 -2.9696969696969697 0.0
75.0 -2.9343434343434343 0.0
75.0 -2.898989898989899 0.0
75.0 -2.8636363636363638 0.0
75.0 -2.8282828282828283 0.0
75.0 -2.792929292929293 0.0
75.0 -2.757575757575758 0.0
75.0 -2.7222222222222223 0.0
75.0 -2.686868686868687 0.0
75.0 -2.6515151515151514 0.0
75.0 -2.6161616161616164 0.0
75.0 -2.580808080808081 0.0
75.0 -2.5454545454545454 0.0
75.0 -2.5101010101010104 0.0
75.0 -2.474747474747475 0.0
75.0 -2.4393939393939394 0.0
75.0 -2.404040404040404 0.0
75.0 -2.3686868686868685 0.0
75.0 -2.3333333333333335 0.0
75.0 -2.297979797979798 0.0
75.0 -2.262626262626263 0.0
75.0 -2.2272727272727275 0.0
75.0 -2.191919191919192 0.0
75.0 -2.1565656565656566 20.451823408517086
75.0 -2.121212121212121 19.979180947535177
75.0 -2.0858585858585856 19.506538486553268
75.0 -2.0505050505050506 19.033896025571362
75.0 -2.015151515151515 18.56125356458945
75.0 -1.97979797979798 18.088611103607544
75.0 -1.9444444444444444 17.61596864262563
75.0 -1.9090909090909092 17.143326181643726
75.0 -1.8737373737373737 16.670683720661813
75.0 -1.8383838383838385 16.198041259679904
75.0 -1.8030303030303032 15.725398798697999
75.0 -1.7676767676767677 15.252756337716088
75.0 -1.7323232323232325 14.78011387673418
75.0 -1.696969696969697 14.319543505668413
75.0 -1.6616161616161618 14.060263783247171
75.0 -1.6262626262626263 13.800984060825927
75.0 -1.590909090909091 13.541704338404685
75.0 -1.5555555555555556 13.282424615983441
75.0 -1.5202020202020203 13.023144893562197
75.0 -1.4848484848484849 12.763865171140953
75.0 -1.4494949494949494 12.241323637583548
75.0 -1.4141414141414144 11.645146321671877
75.0 -1.378787878787879 11.048969005760197
75.0 -1.3434343434343434 10.45279168984852
75.0 -1.308080808080808 9.647786169193749
75.0 -1.272727272727273 8.729389802135945
75.0 -1.2373737373737375 7.810993435078129
75.0 -1.202020202020202 6.849834040266606
75.0 -1.166666666666667 5.855192844575557
75.0 -1.1313131313131315 4.911234228826094
75.0 -1.095959595959596 4.445861610918675
75.0 -1.0606060606060606 3.9825194742973067
75.0 -1.0252525252525255 3.5637044797086124
75.0 -0.9898989898989901 3.1529613054836894
75.0 -0.9545454545454546 2.762397682168208
75.0 -0.9191919191919191 2.4001400605203926
75.0 -0.8838383838383841 2.0639047088317484
75.0 -0.8484848484848486 1.7603170390527991
75.0 -0.8131313131313131 1.4907966521180809
75.0 -0.7777777777777777 1.2492990588665223
75.0 -0.7424242424242427 1.036924135565987
75.0 -0.7070707070707072 0.863850816458525
75.0 -0.6717171717171717 0.7133541563774646
75.0 -0.6363636363636367 0.5785074389693606
75.0 -0.6010101010101012 0.4592179401092747
75.0 -0.5656565656565657 0.3646788540652361
75.0 -0.5303030303030303 0.28493939143151154
75.0 -0.49494949494949525 0.2213025842219821
75.0 -0.4595959595959598 0.17006595145035416
75.0 -0.4242424242424243 0.1371161498269214
75.0 -0.38888888888888884 0.10867931097577158
75.0 -0.3535353535353538 0.07969997031562909
75.0 -0.31818181818181834 0.056117056321076726
75.0 -0.2828282828282829 0.0422277535784316
75.0 -0.2474747474747474 0.03166786528930589
75.0 -0.21212121212121238 0.02017233687641662
75.0 -0.1767676767676769 0.014838672452133468
75.0 -0.14141414141414144 0.014629630337737303
75.0 -0.10606060606060641 0.007913012870227006
75.0 -0.07070707070707094 0.005897954005107193
75.0 -0.03535353535353547 0.003567512858214539
75.0 0.0 0.002551107017359396
100.0 -3.5 0.0
100.0 -3.4646464646464645 0.0
100.0 -3.4292929292929295 0.0
100.0 -3.393939393939394 0.0
100.0 -3.3585858585858586 0.0
100.0 -3.323232323232323 0.0
100.0 -3.287878787878788 0.0
100.0 -3.2525252525252526 0.0
100.0 -3.217171717171717 0.0
100.0 -3.1818181818181817 0.0
100.0 -3.1464646464646466 0.0
100.0 -3.111111111111111 0.0
100.0 -3.0757575757575757 0.0
100.0 -3.0404040404040407 0.0
100.0 -3.005050505050505 0.0
100.0 -2.9696969696969697 0.0
100.0 -2.9343434343434343 0.0
100.0 -2.898989898989899 0.0
100.0 -2.8636363636363638 0.0
100.0 -2.8282828282828283 0.0
100.0 -2.792929292929293 0.0
100.0 -2.757575757575758 0.0
100.0 -2.7222222222222223 0.0
100.0 -2.686868686868687 0.0
100.0 -2.6515151515151514 0.0
100.0 -2.6161616161616164 0.0
100.0 -2.580808080808081 0.0
100.0 -2.5454545454545454 0.0
100.0 -2.5101010101010104 0.0
100.0 -2.474747474747475 0.0
100.0 -2.4393939393939394 0.0
100.0 -2.404040404040404 0.0
100.0 -2.3686868686868685 0.0
100.0 -2.3333333333333335 0.0
100.0 -2.297979797979798 20.170712680575782
100.0 -2.262626262626263 19.670445366161026
100.0 -2.2272727272727275 19.170178051746266
100.0 -2.191919191919192 18.669910737331502
100.0 -2.1565656565656566 18.169643422916742
100.0 -2.121212121212121 17.66937610850198
100.0 -2.0858585858585856 17.16910879408722
100.0 -2.0505050505050506 16.668841479672462
100.0 -2.015151515151515 16.168574165257702
100.0 -1.97979797979798 15.668306850842942
100.0 -1.9444444444444444 15.168039536428182
100.0 -1.9090909090909092 14.667772222013422
100.0 -1.8737373737373737 14.167504907598662
100.0 -1.8383838383838385 13.667237593183902
100.0 -1.8030303030303032 13.322711747980998
100.0 -1.7676767676767677 13.086162033535564
100.0 -1.7323232323232325 12.84961231909013
100.0 -1.696969696969697 12.613062604644696
100.0 -1.6616161616161618 12.376512890199262
100.0 -1.6262626262626263 12.139963175753827
100.0 -1.590909090909091 11.80620591836668
100.0 -1.5555555555555556 11.26146312740482
100.0 -1.5202020202020203 10.716720336442965
100.0 -1.4848484848484849 10.171977545481104
100.0 -1.4494949494949494 9.571235289040517
100.0 -1.4141414141414144 8.718930405550196
100.0 -1.378787878787879 7.866625522059866
100.0 -1.3434343434343434 7.007292038545754
100.0 -1.308080808080808 6.080881793320018
100.0 -1.272727272727273 5.154471548094294
100.0 -1.2373737373737375 4.5917286847243615
100.0 -1.202020202020202 4.242805600482523
100.0 -1.166666666666667 3.8978474945827215
100.0 -1.1313131313131315 3.5557890607817626
100.0 -1.095959595959596 3.215207104760144
100.0 -1.0606060606060606 2.8836431845852184
100.0 -1.0252525252525255 2.5741967429590753
100.0 -0.9898989898989901 2.28710934333985
100.0 -0.9545454545454546 2.0164758682718538
100.0 -0.9191919191919191 1.7654546306453267
100.0 -0.8838383838383841 1.5322260967495511
100.0 -0.8484848484848486 1.319775082571082
100.0 -0.8131313131313131 1.1316565505479343
100.0 -0.7777777777777777 0.9510977896648786
100.0 -0.7424242424242427 0.7905486576503217
100.0 -0.7070707070707072 0.6506585119121894
100.0 -0.6717171717171717 0.5308900735087886
100.0 -0.6363636363636367 0.4319094877425689
100.0 -0.6010101010101012 0.35774147179897114
100.0 -0.5656565656565657 0.28050098844706634
100.0 -0.5303030303030303 0.21801172445446945
100.0 -0.49494949494949525 0.16852593769714538
100.0 -0.4595959595959598 0.1312921461358523
100.0 -0.4242424242424243 0.08940968636753424
100.0 -0.38888888888888884 0.06651675085407516
100.0 -0.3535353535353538 0.047308737842000154
100.0 -0.31818181818181834 0.03755442407606416
100.0 -0.2828282828282829 0.024902009041659852
100.0 -0.2474747474747474 0.015094901273497208
100.0 -0.21212121212121238 0.013814383184767435
100.0 -0.1767676767676769 0.006409507472073529
100.0 -0.14141414141414144 0.002072480198459927
100.0 -0.10606060606060641 0.0
100.0 -0.07070707070707094 0.0
100.0 -0.03535353535353547 0.0
100.0 0.0 0.0
200.0 -3.5 0.0
200.0 -3.4646464646464645 0.0
200.0 -3.4292929292929295 0.0
200.0 -3.393939393939394 0.0
200.0 -3.3585858585858586 0.0
200.0 -3.323232323232323 0.0
200.0 -3.287878787878788 0.0
200.0 -3.2525252525252526 0.0
200.0 -3.217171717171717 0.0
200.0 -3.1818181818181817 0.0
200.0 -3.1464646464646466 0.0
200.0 -3.111111111111111 0.0
200.0 -3.0757575757575757 0.0
200.0 -3.0404040404040407 0.0
200.0 -3.005050505050505 0.0
200.0 -2.9696969696969697 0.0
200.0 -2.9343434343434343 0.0
200.0 -2.898989898989899 0.0
200.0 -2.8636363636363638 0.0
200.0 -2.8282828282828283 0.0
200.0 -2.792929292929293 0.0
200.0 -2.757575757575758 0.0
200.0 -2.7222222222222223 0.0
200.0 -2.686868686868687 0.0
200.0 -2.6515151515151514 0.0
200.0 -2.6161616161616164 0.0
200.0 -2.580808080808081 16.84210313566776
200.0 -2.5454545454545454 16.720961131197985
200.0 -2.5101010101010104 16.59981912672821
200.0 -2.474747474747475 16.478677122258436
200.0 -2.4393939393939394 16.35753511778866
200.0 -2.404040404040404 16.236393113318886
200.0 -2.3686868686868685 16.115251108849108
200.0 -2.3333333333333335 15.994109104379335
200.0 -2.297979797979798 15.87296709990956
200.0 -2.262626262626263 15.751825095439786
200.0 -2.2272727272727275 15.630683090970011
200.0 -2.191919191919192 15.509541086500235
200.0 -2.1565656565656566 15.38839908203046
200.0 -2.121212121212121 15.26139864503455
200.0 -2.0858585858585856 15.084679050872705
200.0 -2.0505050505050506 14.907959456710861
200.0 -2.015151515151515 14.731239862549014
200.0 -1.97979797979798 14.55452026838717
200.0 -1.9444444444444444 14.377800674225323
200.0 -1.9090909090909092 14.20108108006348
200.0 -1.8737373737373737 13.836548481691773
200.0 -1.8383838383838385 13.43361892024011
200.0 -1.8030303030303032 13.030689358788448
200.0 -1.7676767676767677 12.627759797336783
200.0 -1.7323232323232325 12.085994153000705
200.0 -1.696969696969697 11.48385186598086
200.0 -1.6616161616161618 10.881709578961019
200.0 -1.6262626262626263 10.247216216004313
200.0 -1.590909090909091 9.592012803143364
200.0 -1.5555555555555556 8.943275976757155
200.0 -1.5202020202020203 8.33279632113846
200.0 -1.4848484848484849 7.734298178168442
200.0 -1.4494949494949494 7.253429553314441
200.0 -1.4141414141414144 6.77998331606919
200.0 -1.378787878787879 6.321301263000091
200.0 -1.3434343434343434 5.879241089214633
200.0 -1.308080808080808 5.447476665125095
200.0 -1.272727272727273 5.031543493706524
200.0 -1.2373737373737375 4.646640986058967
200.0 -1.202020202020202 4.262393635601808
200.0 -1.166666666666667 3.8922634628345403
200.0 -1.1313131313131315 3.547375026183091
200.0 -1.095959595959596 3.2166007607704143
200.0 -1.0606060606060606 2.9027721624730907
200.0 -1.0252525252525255 2.6044119393470795
200.0 -0.9898989898989901 2.3264882804292326
200.0 -0.9545454545454546 2.0554427634341765
200.0 -0.9191919191919191 1.797873400883024
200.0 -0.8838383838383841 1.5809668295722958
200.0 -0.8484848484848486 1.3816043198893777
200.0 -0.8131313131313131 1.193649727832537
200.0 -0.7777777777777777 1.0223697601968602
200.0 -0.7424242424242427 0.8846649514308518
200.0 -0.7070707070707072 0.7338555100507941
200.0 -0.6717171717171717 0.6133462252618382
200.0 -0.6363636363636367 0.5214524853732448
200.0 -0.6010101010101012 0.4277050209480491
200.0 -0.5656565656565657 0.34473076256724683
200.0 -0.5303030303030303 0.2800099707027138
200.0 -0.49494949494949525 0.23347445451965787
200.0 -0.4595959595959598 0.17717500502284608
200.0 -0.4242424242424243 0.14221289792481304
200.0 -0.38888888888888884 0.11122475358205297
200.0 -0.3535353535353538 0.09363837108802966
200.0 -0.31818181818181834 0.0643065009023743
200.0 -0.2828282828282829 0.04475179736079982
200.0 -0.2474747474747474 0.03932904841444763
200.0 -0.21212121212121238 0.02902270737021908
200.0 -0.1767676767676769 0.022988314399937163
200.0 -0.14141414141414144 0.017174602013193367
200.0 -0.10606060606060641 0.008631187120472695
200.0 -0.07070707070707094 0.006245716062399052
200.0 -0.03535353535353547 0.0
200.0 0.0 0.0
300.0 -3.5 0.0
300.0 -3.4646464646464645 0.0
300.0 -3.4292929292929295 0.0
300.0 -3.393939393939394 0.0
300.0 -3.3585858585858586 0.0
300.0 -3.323232323232323 0.0
300.0 -3.287878787878788 0.0
300.0 -3.2525252525252526 0.0
300.0 -3.217171717171717 0.0
300.0 -3.1818181818181817 0.0
300.0 -3.1464646464646466 0.0
300.0 -3.111111111111111 0.0
300.0 -3.0757575757575757 0.0
300.0 -3.0404040404040407 0.0
300.0 -3.005050505050505 0.0
300.0 -2.9696969696969697 0.0
300.0 -2.9343434343434343 0.0
300.0 -2.898989898989899 0.0
300.0 -2.8636363636363638 0.0
300.0 -2.8282828282828283 0.0
300.0 -2.792929292929293 0.0
300.0 -2.757575757575758 13.126354340937723
300.0 -2.7222222222222223 13.164291303013247
300.0 -2.686868686868687 13.20222826508877
300.0 -2.6515151515151514 13.240165227164294
300.0 -2.6161616161616164 13.278102189239815
300.0 -2.580808080808081 13.316039151315339
300.0 -2.5454545454545454 13.353976113390862
300.0 -2.5101010101010104 13.391913075466386
300.0 -2.474747474747475 13.42985003754191
300.0 -2.4393939393939394 13.467786999617433
300.0 -2.404040404040404 13.505723961692956
300.0 -2.3686868686868685 13.54366092376848
300.0 -2.3333333333333335 13.581597885844001
300.0 -2.297979797979798 13.616567230983579
300.0 -2.262626262626263 13.620107815799756
300.0 -2.2272727272727275 13.623648400615933
300.0 -2.191919191919192 13.62718898543211
300.0 -2.1565656565656566 13.630729570248286
300.0 -2.121212121212121 13.634270155064463
300.0 -2.0858585858585856 13.63781073988064
300.0 -2.0505050505050506 13.60779173922845
300.0 -2.015151515151515 13.569958286489873
300.0 -1.97979797979798 13.532124833751297
300.0 -1.9444444444444444 13.49429138101272
300.0 -1.9090909090909092 13.326317614298095
300.0 -1.8737373737373737 13.09647755344609
300.0 -1.8383838383838385 12.86663749259409
300.0 -1.8030303030303032 12.454527070642996
300.0 -1.7676767676767677 11.91604794006956
300.0 -1.7323232323232325 11.363904000479195
300.0 -1.696969696969697 10.716504227569901
300.0 -1.6616161616161618 10.079445352001342
300.0 -1.6262626262626263 9.573104396326789
300.0 -1.590909090909091 9.075367999017603
300.0 -1.5555555555555556 8.596307491283973
300.0 -1.5202020202020203 8.125693921781316
300.0 -1.4848484848484849 7.65340231939576
300.0 -1.4494949494949494 7.180082672698964
300.0 -1.4141414141414144 6.729488320913216
300.0 -1.378787878787879 6.29432118978861
300.0 -1.3434343434343434 5.857331948195165
300.0 -1.308080808080808 5.424647752815719
300.0 -1.272727272727273 5.008853035055114
300.0 -1.2373737373737375 4.617194060573201
300.0 -1.202020202020202 4.250797362996227
300.0 -1.166666666666667 3.8850834945283754
300.0 -1.1313131313131315 3.550834966837076
300.0 -1.095959595959596 3.2062394447939817
300.0 -1.0606060606060606 2.875704663716427
300.0 -1.0252525252525255 2.582186149393838
300.0 -0.9898989898989901 2.330302226967793
300.0 -0.9545454545454546 2.085271199917735
300.0 -0.9191919191919191 1.849505953975994
300.0 -0.8838383838383841 1.6290848247182377
300.0 -0.8484848484848486 1.4413271285452338
300.0 -0.8131313131313131 1.262367895172704
300.0 -0.7777777777777777 1.0862690104519022
300.0 -0.7424242424242427 0.9091359863089311
300.0 -0.7070707070707072 0.7934257081326388
300.0 -0.6717171717171717 0.666720869887701
300.0 -0.6363636363636367 0.5537004118203546
300.0 -0.6010101010101012 0.4650614479420489
300.0 -0.5656565656565657 0.37011966811297675
300.0 -0.5303030303030303 0.29876994992517736
300.0 -0.49494949494949525 0.2445968464596266
300.0 -0.4595959595959598 0.21247728696529503
300.0 -0.4242424242424243 0.16645535551622387
300.0 -0.38888888888888884 0.1090087641601307
300.0 -0.3535353535353538 0.093851550157584
300.0 -0.31818181818181834 0.0729682376458332
300.0 -0.2828282828282829 0.050472036965278334
300.0 -0.2474747474747474 0.03735226254062634
300.0 -0.21212121212121238 0.03024561416063653
300.0 -0.1767676767676769 0.03449447821727722
300.0 -0.14141414141414144 0.01972533738501757
300.0 -0.10606060606060641 0.023914859776043254
300.0 -0.07070707070707094 0.01295798524995127
300.0 -0.03535353535353547 0.008401176832786239
300.0 0.0 0.0
400.0 -3.5 0.0
400.0 -3.4646464646464645 0.0
400.0 -3.4292929292929295 0.0
400.0 -3.393939393939394 0.0
400.0 -3.3585858585858586 0.0
400.0 -3.323232323232323 0.0
400.0 -3.287878787878788 0.0
400.0 -3.2525252525252526 0.0
400.0 -3.217171717171717 0.0
400.0 -3.1818181818181817 0.0
400.0 -3.1464646464646466 0.0
400.0 -3.111111111111111 0.0
400.0 -3.0757575757575757 0.0
400.0 -3.0404040404040407 0.0
400.0 -3.005050505050505 0.0
400.0 -2.9696969696969697 0.0
400.0 -2.9343434343434343 0.0
400.0 -2.898989898989899 11.405777386722672
400.0 -2.8636363636363638 11.505035924456925
400.0 -2.8282828282828283 11.604294462191179
400.0 -2.792929292929293 11.703552999925433
400.0 -2.757575757575758 11.802811537659686
400.0 -2.7222222222222223 11.90207007539394
400.0 -2.686868686868687 12.001328613128194
400.0 -2.6515151515151514 12.100587150862447
400.0 -2.6161616161616164 12.199845688596701
400.0 -2.580808080808081 12.299104226330954
400.0 -2.5454545454545454 12.398362764065208
400.0 -2.5101010101010104 12.49762130179946
400.0 -2.474747474747475 12.596879839533715
400.0 -2.4393939393939394 12.69613837726797
400.0 -2.404040404040404 12.840215588968796
400.0 -2.3686868686868685 13.011732192061285
400.0 -2.3333333333333335 13.183248795153771
400.0 -2.297979797979798 13.354765398246261
400.0 -2.262626262626263 13.526282001338748
400.0 -2.2272727272727275 13.697798604431236
400.0 -2.191919191919192 13.853185455096574
400.0 -2.1565656565656566 13.977963794663218
400.0 -2.121212121212121 14.102742134229864
400.0 -2.0858585858585856 14.227520473796508
400.0 -2.0505050505050506 14.30718390645555
400.0 -2.015151515151515 14.218927183742545
400.0 -1.97979797979798 14.13067046102954
400.0 -1.9444444444444444 13.997344520813916
400.0 -1.9090909090909092 13.547210852098187
400.0 -1.8737373737373737 13.097077183382456
400.0 -1.8383838383838385 12.539617748566249
400.0 -1.8030303030303032 11.926730687402602
400.0 -1.7676767676767677 11.38672333883096
400.0 -1.7323232323232325 10.893844263495835
400.0 -1.696969696969697 10.4169472491889
400.0 -1.6616161616161618 9.941356356161915
400.0 -1.6262626262626263 9.462394316845371
400.0 -1.590909090909091 8.999752789573932
400.0 -1.5555555555555556 8.544249222578811
400.0 -1.5202020202020203 8.109994925751781
400.0 -1.4848484848484849 7.659051158237158
400.0 -1.4494949494949494 7.205513979546977
400.0 -1.4141414141414144 6.752788917692577
400.0 -1.378787878787879 6.305416229977989
400.0 -1.3434343434343434 5.870957548795324
400.0 -1.308080808080808 5.439094443315809
400.0 -1.272727272727273 5.015494839604199
400.0 -1.2373737373737375 4.604948526330352
400.0 -1.202020202020202 4.252172717488894
400.0 -1.166666666666667 3.9079242845179385
400.0 -1.1313131313131315 3.5789287328387283
400.0 -1.095959595959596 3.249574608783687
400.0 -1.0606060606060606 2.9634835694868635
400.0 -1.0252525252525255 2.6508338822592066
400.0 -0.9898989898989901 2.3483691611861075
400.0 -0.9545454545454546 2.119173534393882
400.0 -0.9191919191919191 1.8536152192490296
400.0 -0.8838383838383841 1.634565571985616
400.0 -0.8484848484848486 1.424542420658358
400.0 -0.8131313131313131 1.2346048458436985
400.0 -0.7777777777777777 1.0790788394793704
400.0 -0.7424242424242427 0.9287487655072967
400.0 -0.7070707070707072 0.7890243736536493
400.0 -0.6717171717171717 0.6652398328277058
400.0 -0.6363636363636367 0.554761996179002
400.0 -0.6010101010101012 0.4889874686245627
400.0 -0.5656565656565657 0.3705642181373125
400.0 -0.5303030303030303 0.2999877232211307
400.0 -0.49494949494949525 0.25124059987026337
400.0 -0.4595959595959598 0.19707232184900836
400.0 -0.4242424242424243 0.16579022068550847
400.0 -0.38888888888888884 0.1383263122587389
400.0 -0.3535353535353538 0.10071499461533366
400.0 -0.31818181818181834 0.06847075672294538
400.0 -0.2828282828282829 0.08282810135397932
400.0 -0.2474747474747474 0.05261279359523621
400.0 -0.21212121212121238 0.03842742705560446
400.0 -0.1767676767676769 0.03714464137469791
400.0 -0.14141414141414144 0.01910709860885179
400.0 -0.10606060606060641 0.020875348489623247
400.0 -0.07070707070707094 0.014181925112653102
400.0 -0.03535353535353547 0.006741325336652202
400.0 0.0 0.0
500.0 -3.5 0.0
500.0 -3.4646464646464645 0.0
500.0 -3.4292929292929295 0.0
500.0 -3.393939393939394 0.0
500.0 -3.3585858585858586 0.0
500.0 -3.323232323232323 0.0
500.0 -3.287878787878788 0.0
500.0 -3.2525252525252526 0.0
500.0 -3.217171717171717 0.0
500.0 -3.1818181818181817 0.0
500.0 -3.1464646464646466 0.0
500.0 -3.111111111111111 0.0
500.0 -3.0757575757575757 0.0
500.0 -3.0404040404040407 0.0
500.0 -3.005050505050505 0.0
500.0 -2.9696969696969697 10.211994388548316
500.0 -2.9343434343434343 10.356521835715522
500.0 -2.898989898989899 10.501049282882729
500.0 -2.8636363636363638 10.645576730049934
500.0 -2.8282828282828283 10.79010417721714
500.0 -2.792929292929293 10.934631624384346
500.0 -2.757575757575758 11.079159071551551
500.0 -2.7222222222222223 11.223686518718758
500.0 -2.686868686868687 11.368213965885964
500.0 -2.6515151515151514 11.51274141305317
500.0 -2.6161616161616164 11.657268860220373
500.0 -2.580808080808081 11.80179630738758
500.0 -2.5454545454545454 11.946323754554786
500.0 -2.5101010101010104 12.13127089782313
500.0 -2.474747474747475 12.387631869087993
500.0 -2.4393939393939394 12.643992840352857
500.0 -2.404040404040404 12.900353811617721
500.0 -2.3686868686868685 13.156714782882585
500.0 -2.3333333333333335 13.413075754147446
500.0 -2.297979797979798 13.667583499555468
500.0 -2.262626262626263 13.902464523409803
500.0 -2.2272727272727275 14.137345547264143
500.0 -2.191919191919192 14.372226571118482
500.0 -2.1565656565656566 14.60710759497282
500.0 -2.121212121212121 14.64268033682595
500.0 -2.0858585858585856 14.668410689425098
500.0 -2.0505050505050506 14.694141042024246
500.0 -2.015151515151515 14.403910975703552
500.0 -1.97979797979798 14.064669531414392
500.0 -1.9444444444444444 13.652076611535245
500.0 -1.9090909090909092 13.129734290605052
500.0 -1.8737373737373737 12.629461233877842
500.0 -1.8383838383838385 12.170452719390036
500.0 -1.8030303030303032 11.718635417482075
500.0 -1.7676767676767677 11.271442093807618
500.0 -1.7323232323232325 10.817787748489714
500.0 -1.696969696969697 10.368554753394791
500.0 -1.6616161616161618 9.908304735625547
500.0 -1.6262626262626263 9.438271945794138
500.0 -1.590909090909091 8.982239736254979
500.0 -1.5555555555555556 8.527432954351708
500.0 -1.5202020202020203 8.062718009981312
500.0 -1.4848484848484849 7.608582924974754
500.0 -1.4494949494949494 7.147800129559982
500.0 -1.4141414141414144 6.696391141714647
500.0 -1.378787878787879 6.2467647196726235
500.0 -1.3434343434343434 5.818138705173726
500.0 -1.308080808080808 5.404318850295535
500.0 -1.272727272727273 5.000803930975019
500.0 -1.2373737373737375 4.618014501654823
500.0 -1.202020202020202 4.269408700727441
500.0 -1.166666666666667 3.9156475935080137
500.0 -1.1313131313131315 3.557575174978855
500.0 -1.095959595959596 3.2159733252044362
500.0 -1.0606060606060606 2.9494978664635916
500.0 -1.0252525252525255 2.682413078341392
500.0 -0.9898989898989901 2.367178981509502
500.0 -0.9545454545454546 2.1283944470626133
500.0 -0.9191919191919191 1.9046771675425087
500.0 -0.8838383838383841 1.6347039431647878
500.0 -0.8484848484848486 1.473915097402067
500.0 -0.8131313131313131 1.2280453750120344
500.0 -0.7777777777777777 1.0948440597223723
500.0 -0.7424242424242427 0.9702874631583548
500.0 -0.7070707070707072 0.8356045744883962
500.0 -0.6717171717171717 0.6786265816907767
500.0 -0.6363636363636367 0.5600105413545299
500.0 -0.6010101010101012 0.46928695608416476
500.0 -0.5656565656565657 0.3987788653890593
500.0 -0.5303030303030303 0.3210577581152138
500.0 -0.49494949494949525 0.25895538030849
500.0 -0.4595959595959598 0.23077688344959227
500.0 -0.4242424242424243 0.16849680600994232
500.0 -0.38888888888888884 0.11386923709451541
500.0 -0.3535353535353538 0.0977811398391031
500.0 -0.31818181818181834 0.09733174675492212
500.0 -0.2828282828282829 0.07876805746503202
500.0 -0.2474747474747474 0.0473918771775901
500.0 -0.21212121212121238 0.04666601131198732
500.0 -0.1767676767676769 0.04075148333481561
500.0 -0.14141414141414144 0.027151351573828426
500.0 -0.10606060606060641 0.015188283416716134
500.0 -0.07070707070707094 0.003698496857110911
500.0 -0.03535353535353547 0.01328087932301016
500.0 0.0 0.0
600.0 -3.5 0.0
600.0 -3.4646464646464645 0.0
600.0 -3.4292929292929295 0.0
600.0 -3.393939393939394 0.0
600.0 -3.3585858585858586 0.0
600.0 -3.323232323232323 0.0
600.0 -3.287878787878788 0.0
600.0 -3.2525252525252526 0.0
600.0 -3.217171717171717 0.0
600.0 -3.1818181818181817 0.0
600.0 -3.1464646464646466 0.0
600.0 -3.111111111111111 0.0
600.0 -3.0757575757575757 8.941630901287487
600.0 -3.0404040404040407 9.122248179438342
600.0 -3.005050505050505 9.3028654575892
600.0 -2.9696969696969697 9.483482735740056
600.0 -2.9343434343434343 9.664100013890913
600.0 -2.898989898989899 9.84471729204177
600.0 -2.8636363636363638 10.025334570192623
600.0 -2.8282828282828283 10.205951848343481
600.0 -2.792929292929293 10.386569126494337
600.0 -2.757575757575758 10.567186404645192
600.0 -2.7222222222222223 10.747803682796048
600.0 -2.686868686868687 10.928420960946905
600.0 -2.6515151515151514 11.109038239097762
600.0 -2.6161616161616164 11.289655517248617
600.0 -2.580808080808081 11.559802377566125
600.0 -2.5454545454545454 11.889356253457445
600.0 -2.5101010101010104 12.218910129348762
600.0 -2.474747474747475 12.548464005240083
600.0 -2.4393939393939394 12.878017881131402
600.0 -2.404040404040404 13.207571757022723
600.0 -2.3686868686868685 13.535981913545335
600.0 -2.3333333333333335 13.862027180070278
600.0 -2.297979797979798 14.188072446595225
600.0 -2.262626262626263 14.514117713120168
600.0 -2.2272727272727275 14.800525432131325
600.0 -2.191919191919192 14.920810210061132
600.0 -2.1565656565656566 15.041094987990938
600.0 -2.121212121212121 15.12240189021054
600.0 -2.0858585858585856 14.872912607651182
600.0 -2.0505050505050506 14.623423325091828
600.0 -2.015151515151515 14.237750422594214
600.0 -1.97979797979798 13.775575594499998
600.0 -1.9444444444444444 13.339456136762314
600.0 -1.9090909090909092 12.921581291990787
600.0 -1.8737373737373737 12.50624419857633
600.0 -1.8383838383838385 12.086359821481656
600.0 -1.8030303030303032 11.654234206931399
600.0 -1.7676767676767677 11.207817818634744
600.0 -1.7323232323232325 10.766040915657086
600.0 -1.696969696969697 10.319547264457533
600.0 -1.6616161616161618 9.852132650302737
600.0 -1.6262626262626263 9.375497361593569
600.0 -1.590909090909091 8.900765407439582
600.0 -1.5555555555555556 8.432389495756146
600.0 -1.5202020202020203 7.991182992829873
600.0 -1.4848484848484849 7.577994673843468
600.0 -1.4494949494949494 7.166510663703542
600.0 -1.4141414141414144 6.702820399533588
600.0 -1.378787878787879 6.247235307263034
600.0 -1.3434343434343434 5.7956583458113435
600.0 -1.308080808080808 5.394209996461998
600.0 -1.272727272727273 4.9914885762689645
600.0 -1.2373737373737375 4.6163475936259015
600.0 -1.202020202020202 4.264778550605845
600.0 -1.166666666666667 3.897999000949155
600.0 -1.1313131313131315 3.5965502415986728
600.0 -1.095959595959596 3.238731594010525
600.0 -1.0606060606060606 2.9110792975733535
600.0 -1.0252525252525255 2.6082458087629656
600.0 -0.9898989898989901 2.3547951034487133
600.0 -0.9545454545454546 2.0991211950522306
600.0 -0.9191919191919191 1.8846996175429882
600.0 -0.8838383838383841 1.6730096112375454
600.0 -0.8484848484848486 1.4160846885309504
600.0 -0.8131313131313131 1.2036008856407943
600.0 -0.7777777777777777 1.0900587151762362
600.0 -0.7424242424242427 0.9433947303488855
600.0 -0.7070707070707072 0.7878122375928146
600.0 -0.6717171717171717 0.6810112731198275
600.0 -0.6363636363636367 0.5406494049491491
600.0 -0.6010101010101012 0.45085262242431223
600.0 -0.5656565656565657 0.40507543004513735
600.0 -0.5303030303030303 0.3110354133185656
600.0 -0.49494949494949525 0.2537862426851663
600.0 -0.4595959595959598 0.21283630814449414
600.0 -0.4242424242424243 0.19727549394420402
600.0 -0.38888888888888884 0.14391644722546656
600.0 -0.3535353535353538 0.11176584529531876
600.0 -0.31818181818181834 0.07102537069376973
600.0 -0.2828282828282829 0.05782526977527913
600.0 -0.2474747474747474 0.05871237404328175
600.0 -0.21212121212121238 0.05008785371087196
600.0 -0.1767676767676769 0.03923043866621714
600.0 -0.14141414141414144 0.04127089214244063
600.0 -0.10606060606060641 0.027933198445478744
600.0 -0.07070707070707094 0.018762301771590748
600.0 -0.03535353535353547 0.011742053137797
600.0 0.0 0.0
700.0 -3.5 0.0
700.0 -3.4646464646464645 0.0
700.0 -3.4292929292929295 0.0
700.0 -3.393939393939394 0.0
700.0 -3.3585858585858586 0.0
700.0 -3.323232323232323 0.0
700.0 -3.287878787878788 0.0
700.0 -3.2525252525252526 0.0
700.0 -3.217171717171717 0.0
700.0 -3.1818181818181817 0.0
700.0 -3.1464646464646466 0.0
700.0 -3.111111111111111 8.254543578744036
700.0 -3.0757575757575757 8.456419138788027
700.0 -3.0404040404040407 8.658294698832014
700.0 -3.005050505050505 8.860170258876005
700.0 -2.9696969696969697 9.062045818919996
700.0 -2.9343434343434343 9.263921378963985
700.0 -2.898989898989899 9.465796939007976
700.0 -2.8636363636363638 9.667672499051964
700.0 -2.8282828282828283 9.869548059095955
700.0 -2.792929292929293 10.071423619139946
700.0 -2.757575757575758 10.273299179183933
700.0 -2.7222222222222223 10.475174739227924
700.0 -2.686868686868687 10.677050299271915
700.0 -2.6515151515151514 10.962808912610807
700.0 -2.6161616161616164 11.334226281199033
700.0 -2.580808080808081 11.705643649787264
700.0 -2.5454545454545454 12.077061018375495
700.0 -2.5101010101010104 12.448478386963723
700.0 -2.474747474747475 12.819895755551954
700.0 -2.4393939393939394 13.194874941647754
700.0 -2.404040404040404 13.582510928203872
700.0 -2.3686868686868685 13.97014691475999
700.0 -2.3333333333333335 14.357782901316105
700.0 -2.297979797979798 14.728722586465985
700.0 -2.262626262626263 14.922838892281558
700.0 -2.2272727272727275 15.116955198097132
700.0 -2.191919191919192 15.311071503912707
700.0 -2.1565656565656566 15.150362357080734
700.0 -2.121212121212121 14.989315002878397
700.0 -2.0858585858585856 14.716917867335903
700.0 -2.0505050505050506 14.34732797410082
700.0 -2.015151515151515 13.979057987508082
700.0 -1.97979797979798 13.612207653087971
700.0 -1.9444444444444444 13.24425624585665
700.0 -1.9090909090909092 12.871333939289064
700.0 -1.8737373737373737 12.478541391310952
700.0 -1.8383838383838385 12.082567214071796
700.0 -1.8030303030303032 11.661432749949194
700.0 -1.7676767676767677 11.217335853681782
700.0 -1.7323232323232325 10.765722219828268
700.0 -1.696969696969697 10.300401326617454
700.0 -1.6616161616161618 9.837107580203542
700.0 -1.6262626262626263 9.372567492062617
700.0 -1.590909090909091 8.938662765221043
700.0 -1.5555555555555556 8.541825743526829
700.0 -1.5202020202020203 8.100483683789903
700.0 -1.4848484848484849 7.613615416452758
700.0 -1.4494949494949494 7.10945210129337
700.0 -1.4141414141414144 6.6485739407234865
700.0 -1.378787878787879 6.238371215212019
700.0 -1.3434343434343434 5.8368654320121705
700.0 -1.308080808080808 5.406093085438802
700.0 -1.272727272727273 5.009014295891517
700.0 -1.2373737373737375 4.618919295942693
700.0 -1.202020202020202 4.240487394282818
700.0 -1.166666666666667 3.9176798949665033
700.0 -1.1313131313131315 3.502593761107204
700.0 -1.095959595959596 3.2344709051868605
700.0 -1.0606060606060606 2.9304099998751805
700.0 -1.0252525252525255 2.675237025285887
700.0 -0.9898989898989901 2.35149511755467
700.0 -0.9545454545454546 2.1257075607564553
700.0 -0.9191919191919191 1.8949593519471435
700.0 -0.8838383838383841 1.6366409531094668
700.0 -0.8484848484848486 1.4314313629566704
700.0 -0.8131313131313131 1.2424740456900503
700.0 -0.7777777777777777 1.0732742645502844
700.0 -0.7424242424242427 0.9497762716931466
700.0 -0.7070707070707072 0.7629705320558469
700.0 -0.6717171717171717 0.64539816163304
700.0 -0.6363636363636367 0.5505036376317534
700.0 -0.6010101010101012 0.47798114634698613
700.0 -0.5656565656565657 0.40186690004484205
700.0 -0.5303030303030303 0.3008301243756087
700.0 -0.49494949494949525 0.27276425724891484
700.0 -0.4595959595959598 0.2197518527252914
700.0 -0.4242424242424243 0.1562007057315169
700.0 -0.38888888888888884 0.12780124074391747
700.0 -0.3535353535353538 0.11037439432653183
700.0 -0.31818181818181834 0.08188820066006464
700.0 -0.2828282828282829 0.06707621075388875
700.0 -0.2474747474747474 0.058050803264388724
700.0 -0.21212121212121238 0.041487070779647785
700.0 -0.1767676767676769 0.021587769309461022
700.0 -0.14141414141414144 0.011681091353083057
700.0 -0.10606060606060641 0.016472763375609878
700.0 -0.07070707070707094 0.015767748702024683
700.0 -0.03535353535353547 0.002899956388506552
700.0 0.0 0.0
800.0 -3.5 0.0
800.0 -3.4646464646464645 0.0
800.0 -3.4292929292929295 0.0
800.0 -3.393939393939394 0.0
800.0 -3.3585858585858586 0.0
800.0 -3.323232323232323 0.0
800.0 -3.287878787878788 0.0
800.0 -3.2525252525252526 0.0
800.0 -3.217171717171717 0.0
800.0 -3.1818181818181817 7.6074156527324135
800.0 -3.1464646464646466 7.81881082518043
800.0 -3.111111111111111 8.03020599762845
800.0 -3.0757575757575757 8.241601170076468
800.0 -3.0404040404040407 8.452996342524484
800.0 -3.005050505050505 8.664391514972504
800.0 -2.9696969696969697 8.875786687420522
800.0 -2.9343434343434343 9.087181859868542
800.0 -2.898989898989899 9.29857703231656
800.0 -2.8636363636363638 9.509972204764576
800.0 -2.8282828282828283 9.721367377212596
800.0 -2.792929292929293 9.932762549660616
800.0 -2.757575757575758 10.14415772210863
800.0 -2.7222222222222223 10.380244510602772
800.0 -2.686868686868687 10.774395859444875
800.0 -2.6515151515151514 11.168547208286975
800.0 -2.6161616161616164 11.562698557129075
800.0 -2.580808080808081 11.956849905971175
800.0 -2.5454545454545454 12.351001254813278
800.0 -2.5101010101010104 12.745152603655376
800.0 -2.474747474747475 13.166190950197434
800.0 -2.4393939393939394 13.591607830230782
800.0 -2.404040404040404 14.017024710264131
800.0 -2.3686868686868685 14.442441590297479
800.0 -2.3333333333333335 14.743575211199781
800.0 -2.297979797979798 14.99794925497822
800.0 -2.262626262626263 15.252323298756655
800.0 -2.2272727272727275 15.294041112244056
800.0 -2.191919191919192 15.215823514673753
800.0 -2.1565656565656566 15.101222769485853
800.0 -2.121212121212121 14.814250246116089
800.0 -2.0858585858585856 14.52658489243201
800.0 -2.0505050505050506 14.233939893694066
800.0 -2.015151515151515 13.930775374877019
800.0 -1.97979797979798 13.60924972032773
800.0 -1.9444444444444444 13.251985408023017
800.0 -1.9090909090909092 12.86445436671137
800.0 -1.8737373737373737 12.448657415865627
800.0 -1.8383838383838385 12.023306233931695
800.0 -1.8030303030303032 11.567883425858666
800.0 -1.7676767676767677 11.152015329536885
800.0 -1.7323232323232325 10.740281174059499
800.0 -1.696969696969697 10.322747774481277
800.0 -1.6616161616161618 9.90720165736826
800.0 -1.6262626262626263 9.462193521108231
800.0 -1.590909090909091 8.970922468898431
800.0 -1.5555555555555556 8.476857722066402
800.0 -1.5202020202020203 7.999434382538975
800.0 -1.4848484848484849 7.557066938231736
800.0 -1.4494949494949494 7.13354035636526
800.0 -1.4141414141414144 6.745097875269686
800.0 -1.378787878787879 6.317172565606907
800.0 -1.3434343434343434 5.842286235488077
800.0 -1.308080808080808 5.415329686312922
800.0 -1.272727272727273 5.02787544158451
800.0 -1.2373737373737375 4.654537268055082
800.0 -1.202020202020202 4.217497930784516
800.0 -1.166666666666667 3.8262940759384163
800.0 -1.1313131313131315 3.581859554200431
800.0 -1.095959595959596 3.274724638931984
800.0 -1.0606060606060606 2.9095126027364353
800.0 -1.0252525252525255 2.6259901200270894
800.0 -0.9898989898989901 2.3729621898664908
800.0 -0.9545454545454546 2.0725018709926193
800.0 -0.9191919191919191 1.9105878693829677
800.0 -0.8838383838383841 1.612322721306234
800.0 -0.8484848484848486 1.4276929758105334
800.0 -0.8131313131313131 1.2940640937437489
800.0 -0.7777777777777777 1.114108811234105
800.0 -0.7424242424242427 0.9354667733841358
800.0 -0.7070707070707072 0.7773300297898438
800.0 -0.6717171717171717 0.6891126216135586
800.0 -0.6363636363636367 0.6239917063141409
800.0 -0.6010101010101012 0.46190750535515607
800.0 -0.5656565656565657 0.39849596751321753
800.0 -0.5303030303030303 0.3678863997507573
800.0 -0.49494949494949525 0.28365512595702425
800.0 -0.4595959595959598 0.21195611831861824
800.0 -0.4242424242424243 0.18673163962844402
800.0 -0.38888888888888884 0.12919993159705145
800.0 -0.3535353535353538 0.08435842486773533
800.0 -0.31818181818181834 0.07844121187214555
800.0 -0.2828282828282829 0.08542958530423596
800.0 -0.2474747474747474 0.04257147228975007
800.0 -0.21212121212121238 0.03917754386040957
800.0 -0.1767676767676769 0.023611610285926204
800.0 -0.14141414141414144 0.026245240596697826
800.0 -0.10606060606060641 0.014315225863135711
800.0 -0.07070707070707094 0.013784988583320171
800.0 -0.03535353535353547 0.02043577651174951
800.0 0.0 0.0
900.0 -3.5 0.0
900.0 -3.4646464646464645 0.0
900.0 -3.4292929292929295 0.0
900.0 -3.393939393939394 0.0
900.0 -3.3585858585858586 0.0
900.0 -3.323232323232323 0.0
900.0 -3.287878787878788 0.0
900.0 -3.2525252525252526 6.976667633356665
900.0 -3.217171717171717 7.196776109362023
900.0 -3.1818181818181817 7.416884585367382
900.0 -3.1464646464646466 7.6369930613727375
900.0 -3.111111111111111 7.857101537378096
900.0 -3.0757575757575757 8.077210013383455
900.0 -3.0404040404040407 8.297318489388811
900.0 -3.005050505050505 8.517426965394169
900.0 -2.9696969696969697 8.737535441399528
900.0 -2.9343434343434343 8.957643917404885
900.0 -2.898989898989899 9.177752393410245
900.0 -2.8636363636363638 9.397860869415599
900.0 -2.8282828282828283 9.617969345420958
900.0 -2.792929292929293 9.838077821426317
900.0 -2.757575757575758 10.171365275397662
900.0 -2.7222222222222223 10.585941851689011
900.0 -2.686868686868687 11.00051842798036
900.0 -2.6515151515151514 11.41509500427171
900.0 -2.6161616161616164 11.829671580563053
900.0 -2.580808080808081 12.244248156854402
900.0 -2.5454545454545454 12.671036660897093
900.0 -2.5101010101010104 13.125411964879055
900.0 -2.474747474747475 13.579787268861024
900.0 -2.4393939393939394 14.034162572842991
900.0 -2.404040404040404 14.461854293601265
900.0 -2.3686868686868685 14.762439311608453
900.0 -2.3333333333333335 15.063024329615637
900.0 -2.297979797979798 15.33587429843383
900.0 -2.262626262626263 15.314994236613662
900.0 -2.2272727272727275 15.294114174793494
900.0 -2.191919191919192 15.147684311094942
900.0 -2.1565656565656566 14.92468665254192
900.0 -2.121212121212121 14.691278180642325
900.0 -2.0858585858585856 14.449984629071295
900.0 -2.0505050505050506 14.182796731263993
900.0 -2.015151515151515 13.89642556039623
900.0 -1.97979797979798 13.575128438785715
900.0 -1.9444444444444444 13.231133905278702
900.0 -1.9090909090909092 12.875376050211754
900.0 -1.8737373737373737 12.50309193948536
900.0 -1.8383838383838385 12.108122959556274
900.0 -1.8030303030303032 11.68746197429213
900.0 -1.7676767676767677 11.217948750310564
900.0 -1.7323232323232325 10.760940189596624
900.0 -1.696969696969697 10.307954613133456
900.0 -1.6616161616161618 9.848535474185141
900.0 -1.6262626262626263 9.422138457778379
900.0 -1.590909090909091 8.995580135136622
900.0 -1.5555555555555556 8.50335354272346
900.0 -1.5202020202020203 8.00901719810694
900.0 -1.4848484848484849 7.563205235245779
900.0 -1.4494949494949494 7.127834845460861
900.0 -1.4141414141414144 6.666971982758627
900.0 -1.378787878787879 6.225535783843708
900.0 -1.3434343434343434 5.7992944926612395
900.0 -1.308080808080808 5.389637070745922
900.0 -1.272727272727273 4.974394823167252
900.0 -1.2373737373737375 4.616758708158621
900.0 -1.202020202020202 4.27601625827068
900.0 -1.166666666666667 3.9185372157293914
900.0 -1.1313131313131315 3.5948763043207466
900.0 -1.095959595959596 3.1885358568204882
900.0 -1.0606060606060606 2.934265078267638
900.0 -1.0252525252525255 2.6252450602452573
900.0 -0.9898989898989901 2.359736246859154
900.0 -0.9545454545454546 2.1148425021119523
900.0 -0.9191919191919191 1.8951066116627975
900.0 -0.8838383838383841 1.6791836585255042
900.0 -0.8484848484848486 1.4060703458528068
900.0 -0.8131313131313131 1.256366395364737
900.0 -0.7777777777777777 1.109246799542265
900.0 -0.7424242424242427 0.9410908862548385
900.0 -0.7070707070707072 0.7359316145940314
900.0 -0.6717171717171717 0.6676918340687539
900.0 -0.6363636363636367 0.6068303286767379
900.0 -0.6010101010101012 0.46241372964227667
900.0 -0.5656565656565657 0.4282677028480527
900.0 -0.5303030303030303 0.3027495768510601
900.0 -0.49494949494949525 0.2574179030502708
900.0 -0.4595959595959598 0.1992005475825407
900.0 -0.4242424242424243 0.1623929974985609
900.0 -0.38888888888888884 0.13567385460188308
900.0 -0.3535353535353538 0.09757517778870792
900.0 -0.31818181818181834 0.07784270342703396
900.0 -0.2828282828282829 0.0897674857125089
900.0 -0.2474747474747474 0.0511724765356767
900.0 -0.21212121212121238 0.03935433373957627
900.0 -0.1767676767676769 0.04105501291360956
900.0 -0.14141414141414144 0.011864415333081491
900.0 -0.10606060606060641 0.03650834041449986
900.0 -0.07070707070707094 0.04902408316133716
900.0 -0.03535353535353547 0.03085354561919852
900.0 0.0 0.0
1000.0 -3.5 0.0
1000.0 -3.4646464646464645 0.0
1000.0 -3.4292929292929295 0.0
1000.0 -3.393939393939394 0.0
1000.0 -3.3585858585858586 0.0
1000.0 -3.323232323232323 0.0
1000.0 -3.287878787878788 5.7756336894127775
1000.0 -3.2525252525252526 5.975964034471893
1000.0 -3.217171717171717 6.176294379531008
1000.0 -3.1818181818181817 6.376624724590123
1000.0 -3.1464646464646466 6.576955069649235
1000.0 -3.111111111111111 6.777285414708349
1000.0 -3.0757575757575757 6.977615759767464
1000.0 -3.0404040404040407 7.177946104826576
1000.0 -3.005050505050505 7.378276449885691
1000.0 -2.9696969696969697 7.578606794944806
1000.0 -2.9343434343434343 7.7789371400039204
1000.0 -2.898989898989899 7.979267485063035
1000.0 -2.8636363636363638 8.179597830122148
1000.0 -2.8282828282828283 8.379928175181263
1000.0 -2.792929292929293 8.7359903205759
1000.0 -2.757575757575758 9.114040736895197
1000.0 -2.7222222222222223 9.492091153214497
1000.0 -2.686868686868687 9.870141569533798
1000.0 -2.6515151515151514 10.248191985853099
1000.0 -2.6161616161616164 10.626242402172394
1000.0 -2.580808080808081 11.02714234974734
1000.0 -2.5454545454545454 11.44320401735167
1000.0 -2.5101010101010104 11.859265684955993
1000.0 -2.474747474747475 12.275327352560321
1000.0 -2.4393939393939394 12.634060232289997
1000.0 -2.404040404040404 12.927569394348629
1000.0 -2.3686868686868685 13.22107855640726
1000.0 -2.3333333333333335 13.416531161627294
1000.0 -2.297979797979798 13.452376688015864
1000.0 -2.262626262626263 13.488222214404432
1000.0 -2.2272727272727275 13.357413872385356
1000.0 -2.191919191919192 13.211214618956078
1000.0 -2.1565656565656566 13.039152412222196
1000.0 -2.121212121212121 12.860505361514408
1000.0 -2.0858585858585856 12.660727732157664
1000.0 -2.0505050505050506 12.449835784323406
1000.0 -2.015151515151515 12.221686816766788
1000.0 -1.97979797979798 11.958675511879552
1000.0 -1.9444444444444444 11.6584444388424
1000.0 -1.9090909090909092 11.327915805022101
1000.0 -1.8737373737373737 10.96788134333945
1000.0 -1.8383838383838385 10.602470818260876
1000.0 -1.8030303030303032 10.210885663810776
1000.0 -1.7676767676767677 9.82409056342054
1000.0 -1.7323232323232325 9.454268072279879
1000.0 -1.696969696969697 9.099997216768617
1000.0 -1.6616161616161618 8.706535709117157
1000.0 -1.6262626262626263 8.288682602115388
1000.0 -1.590909090909091 7.869861411043189
1000.0 -1.5555555555555556 7.425853059330821
1000.0 -1.5202020202020203 7.046541345388649
1000.0 -1.4848484848484849 6.640637632032493
1000.0 -1.4494949494949494 6.28951592603808
1000.0 -1.4141414141414144 5.846801261606327
1000.0 -1.378787878787879 5.501281142219747
1000.0 -1.3434343434343434 5.1836148563380195
1000.0 -1.308080808080808 4.712520224606178
1000.0 -1.272727272727273 4.426566265787768
1000.0 -1.2373737373737375 4.080426424270395
1000.0 -1.202020202020202 3.789239210235834
1000.0 -1.166666666666667 3.3954251985301616
1000.0 -1.1313131313131315 3.086788113517355
1000.0 -1.095959595959596 2.8532599862650825
1000.0 -1.0606060606060606 2.586036300428453
1000.0 -1.0252525252525255 2.349527219676927
1000.0 -0.9898989898989901 2.0800379061113365
1000.0 -0.9545454545454546 1.7954043066417806
1000.0 -0.9191919191919191 1.6671433341373711
1000.0 -0.8838383838383841 1.475983103000762
1000.0 -0.8484848484848486 1.3171649066539535
1000.0 -0.8131313131313131 1.1701821638028305
1000.0 -0.7777777777777777 0.9950421294538878
1000.0 -0.7424242424242427 0.8161923669275861
1000.0 -0.7070707070707072 0.7625420316938092
1000.0 -0.6717171717171717 0.6073209091064263
1000.0 -0.6363636363636367 0.5314020001613261
1000.0 -0.6010101010101012 0.44128706862990746
1000.0 -0.5656565656565657 0.35242445547023393
1000.0 -0.5303030303030303 0.2721538367915595
1000.0 -0.49494949494949525 0.233063553785588
1000.0 -0.4595959595959598 0.19281663700733476
1000.0 -0.4242424242424243 0.17142164141626356
1000.0 -0.38888888888888884 0.14273472150851446
1000.0 -0.3535353535353538 0.08934877181520506
1000.0 -0.31818181818181834 0.061246744274349535
1000.0 -0.2828282828282829 0.06961291978350606
1000.0 -0.2474747474747474 0.059366628638561236
1000.0 -0.21212121212121238 0.030620035842201066
1000.0 -0.1767676767676769 0.03307804836811257
1000.0 -0.14141414141414144 0.03617435474976223
1000.0 -0.10606060606060641 0.024662906685215272
1000.0 -0.07070707070707094 0.030347731080889617
1000.0 -0.03535353535353547 0.02658408049336101
1000.0 0.0 0.0
